Key,Description,Standard,pt-br,uk,ru,zh-TW,fr
SAY.Final.1.Ellie,,"Ahh, that was a little tiring. I wish I had more chances to eat the cherries.","Ahh, isso foi um pouco cansativo. Eu queria ter tido mais chances para comer as cerejas.","Ах, я дещо зморилася. Хотіла би я мати більше шансів поласувати тими вишнями.","Ах, это было немного утомительно. Хотелось бы, чтобы было больше шансов поесть вишни.",啊，這真的有點累人，我希望有更多時間能享受那些櫻桃啊！,"Ahh, c’était un peu fatigant. J’aurais aimé avoir plus de chance de manger des cerises."
SAY.Final.265.Miss,,Do you want the rest of them back? You can have them.,Você quer o resto delas de volta? Pode ficar com elas.,"Хочеш, решту я віддам тобі? Я не проти.",Хочешь верну тебе остальные? Ты можете забрать их.,妳想要剩下的櫻桃嗎？我可以給妳啊！,Est-ce vous voulez reprendre le reste ? Vous pouvez les avoir.
SAY.Final.267.Ellie,,"Noo! We went over this already! You take them. I have more at home! Plus, they were buy one pound get one pound free--","Nãao! Já falamos sobre isso! Você fica com elas. Eu tenho mais em casa! Além do mais, estavam na promoção...","Ні! Ми вже про це говорили! Вони Ваші. Я маю ще вдома! Крім того, вони були за акцією--","Нет-нет! Мы уже это обсуждали! Ты забирай их. У меня дома есть ещё! К тому же, было ""купи один фунт — получи второй бесплатно""!",不用了！我們不是討論過了嗎？我家裡有更多櫻桃啊！所以那些櫻桃就是妳的了！加上這些櫻桃買一送一，所以不用客氣啦！,"Nooon ! Nous en avons déjà parlé ! Vous les prenez. J’en ai d’autres à la maison. En plus, c’était un kilo acheté, un kilo gratuit--"
SAY.Final.268.Ellie,,"Oh, wait, I shouldn’t have said that. Oops!","Ah, espera, eu não deveria ter dito isso. Oopa!","Ой, заждіть, я не мала цього казати. Упс!","Ой, подожди, я не должна была этого говорить. Ой!",抱歉我剛剛不應該說這些話的！,"Oh, attendez, je n’aurais pas dû dire ça. Oups !"
SAY.Final.269.Miss,,"Hahaha! Don’t worry, it makes me feel a little better knowing you saved some money.","Hahaha! Não se preocupe, isso faz eu me sentir um pouco melhor, saber que você economizou dinheiro.","Ха-ха! Не хвилюйся, мені легше, знаючи, що ти заощадила кошти.","Хахаха! Не переживай, мне становится немного легче, зная, что ты сэкономила немного денег.",哈哈！不用擔心啦！妳剛剛的話也讓我知道妳有在省錢，這正好讓我放心了一些。,"Hahaha ! Ne vous inquiètez pas, ça me fait me sentir un peu mieux de savoir que vous avez économisé de l’argent."
SAY.Final.264.Ellie,,"Mm, another day.{wc}...{wc}Miss told me to be there at 2 AM like usual, but I’m up early...{wc}I know it’s 11 PM right now, but I think I’ll just go now -- the address looked like it was way inside the forest. I’m bound to get lost.{wc}Ooh! Perhaps I should bring her some apples this time?","Hum, mais um dia.{wc}...{wc}Dona me disse para estar lá às 2 da manhã, como sempre, mas acordei cedo.{wc}Eu sei que são 11 da noite agora, mas acho que já irei. O endereço parecia ser no meio da floresta. Com certeza vou me perder.{wc}Aah! Talvez eu deva levar umas maçãs para ela desta vez?","М-м, ще один день.{wc}...{wc}Панна наказала мені бути на місці о 2 ночі, але я вже встала на ноги...{wc}Знаю, зараз тільки 11-а, та я вже піду -- адреса знаходиться десь глибоко в лісі. Сто відсотків заблукаю.{wc}Ой! Мабуть, на цей раз варто принести їй кілька яблучок?","Мм, ещё один день.{wc}...{wc}Мисс сказала быть там в 2 ночи, как обычно, но я встала рано...{wc}Знаю, сейчас 11 вечера, но, наверное, я всё-таки пойду сейчас — адрес выглядел так, будто он глубоко в лесу. Я точно заблужусь.{wc}Ох! Может, в этот раз я принесу ей яблок?",啊，又是一天的開始。{wc}...{wc}小姐告訴我如常的在凌晨兩點抵達工作地點，但我不小心提早了......{wc}我知道現在才晚上十一時，但我覺得現在就可以先提早早過去了—工作地點好像是在森林內。我還蠻有可能因此迷路的。{wc}Ooh! 說不定我下次帶一些蘋果給她吧！,"Mm, un autre jour.{wc}...{wc}Miss m’a dit d’être ici à deux heures comme d’habitude, mais je suis réveillée tôt...{wc}Je sais, il est vingt-trois heures maintenant, mais je pense que je vais y aller – avec l’adresse, on aurait dit que c’était à l’intérieur d’une forêt, je suis destinée à me perdre{wc}Ooh ! Peut-être que je devrais apporter quelques pommes cette fois ?"
SAY.Final.283.Ellie,,"{i}Somehow, I ended up navigating the directions perfectly well! That’s a win, but now I’m here 2 hours early.{wc}...{wc}After getting through an ivy-infested gate as tall as at least 200 crates of melons, I’m now standing in front of this huge manor clutching a basket of red apples in my hands.{wc}Well, red apples and a rose. Might as well have brought a slice of cake and a bottle of wine.{wc}...","{i}De algum jeito, acabei seguindo as direções perfeitamente bem! Isso é ótimo, mas agora estou aqui 2 horas mais cedo.{wc}...{wc}Após atravessar um portão cheio de trepadeiras e com umas 200 caixas de melão de altura, agora estou parada de frente para essa mansão gigante e com uma cesta de maçãs vermelhas nas mãos.{wc}Bom, maçãs e uma rosa. Eu deveria ter trago, também, uma fatia de bolo e uma garrafa de vinho.{wc}...","{i}Якимось чином, мені вдалося швидко зорієнтуватися! Це перемога, проте я прийшла на дві години завчасно.{wc}...{wc}Пройшовши через обвиту плющем браму, заввишки щонайменше з 200 ящиків динь, я зупинилася перед величезним маєтком, стискаючи в руках кошик із червоними яблуками.{wc}Ну, з червоними яблуками й трояндою. З таким же успіхом можна було би принести шматочок торта й пляшку вина.{wc}...","{i}Как-то я отлично справилась с навигацией! Это победа, но теперь я здесь на 2 часа раньше.{wc}...{wc}Пройдя через ворота, заросшие плющом и высотой, наверное, как 200 ящиков с дынями, я теперь стою перед огромным особняком, держа в руках корзину с красными яблоками.{wc}Ну, красными яблоками и розой. Могла бы принести ещё кусочек торта и бутылку вина.{wc}...",{i}出乎意料地，我似乎能夠成功的找到等等的集合點！雖然這讓我多了些成就感，但不管怎麼樣我還是得待在這邊兩個小時{wc}......{wc}穿過一道至少有兩百箱西瓜那麼高的常春藤大門後，我手中拿著一籃蘋果站在這巨大莊園的正中央。{wc}啊～紅通通的蘋果以及玫瑰。如果再配塊蛋糕與一瓶紅酒也不賴{wc}......,"{i}D’une manière ou d’une autre, j’ai fini par trouver parfaitement mon chemin ! C’est une victoire, mais je suis là deux heures en avance maintenant.{wc}...{wc}Après avoir passé un portail infesté de ronces aussi grand que deux cents boîtes de melons, je suis maintenant devant cet immense manoir, serrant un panier de pommes rouges dans mes mains.{wc}Enfin, des pommes rouges et une rose. J’aurais dû apporter une part de gâteau et une bouteille de vin.{wc}..."
SAY.Final.81.Ellie,,"{i}Weird, I swear I just heard some sort of sound come from inside.{wc}...{wc}Okay, well, it wouldn’t be good if the crime scene was ruined, right?{wc}...But it’s kind of scary, and I don’t want to be that type of dumb horror movie protagonist...{wc}This wooden door in front of me is all that’s blocking me from the indoors and out.{wc}It’s actually quite pretty. The wood has little cedar patterns carved into it --{wi} maybe it’s made of cedar wood?—{wc}I’m jerked out of my thoughts as I hear another sound from inside.{wc}Should I just go inside?{wc}I really don’t want to disappoint Miss. I know she told me to wait until exactly 2 AM, but that was months ago, and aren’t we closer now?{wc}What if the scene gets ruined because I didn’t do anything about it?{wc}I could clean up the entire thing now and tell her I did it! I think she would be happy!{wc}My hands don’t reflect my thoughts, however, and they sweat so badly my basket feels like it just became a tug-of-war rope.","{i}Esquisito, posso jurar que ouvi algum tipo de som vindo lá de dentro.{wc}...{wc}Tá bem, ótimo, não seria bom se a cena do crime fosse arruinada, certo?{wc}...Mas é meio assustador, e eu não quero ser como um protagonista idiota de filmes de terror...{wc}Tudo que me separa do interior da mansão é essa porta de madeira na minha frente.{wc}Na verdade, até que ela é bonita. A madeira tem pequenos padrões entalhados... talvez ela seja feita de cedro?{wc}De repente, sou puxada de volta dos meus pensamentos ao ouvir outro som vindo lá de dentro.{wc}Será que devo entrar?{wc}Eu realmente não quero decepcionar a Dona. Eu sei que ela me disse para esperar exatamente até as 2 da manhã, mas isso já faz dois meses, não somos mais íntimas agora?{wc}O que aconteceria se a cena fosse arruinada por eu não ter feito nada a respeito?{wc}Eu poderia arrumar tudo agora e depois dizer pra ela que eu fiz isso! Eu acho que ela ficaria feliz!{wc}Entretanto, minhas mãos não obedecem ao meu cérebro, e estão tão suadas que a cesta parece escorregar delas.","{i}Дивно, можу поклястися, я почула якийсь звук, що лунав ізсередини.{wc}...{wc}Гаразд, було би кепсько зруйнувати сцену злочину, чи не так?{wc}...Але ж лячно, і я не хочу бути тим дурнуватими головним героєм горору...{wc}Ці дерев’яні двері -- єдина перешкода між мною та серединою маєтку.{wc}Вони досить гарненькі, справді-то. По дереву вирізьблено маленькі кедрові візерунки --{wi} може, вони зроблені з кедру?--{wc}Я випала з власних думок, як зсередини пролунав інший згук.{wc}Може, варто ввійти?{wc}Я дуже не хочу розчаровувати Панну. Знаю, вона казала приходити мені рівно о 2 ночі, та це було місяці тому, і хіба ми не зблизилися за весь цей час?{wc}А раптом сцена зіпсується через мою бездіяльність?{wc}Я могла би вже все прибрати й потім сказати про це Панні! Думаю, вона б зраділа!{wc}Мої руки не підкоряються, ще й спітніли настільки, що кошик видається непосильним тягарем.","{i}Странно, я клянусь, что только что услышала какой-то звук изнутри.{wc}...{wc}Ладно, не хотелось бы, чтобы место преступления было испорчено, верно?{wc}...Но это как-то страшно, и я не хочу быть той глупой главной героиней из ужастиков...{wc}Эта деревянная дверь передо мной — всё, что отделяет меня от внутреннего пространства и внешнего мира.{wc}Она на самом деле довольно красивая. Дерево с маленькими рисунками кедровых узоров, вырезанными в нём —{wi} может, это сделано из кедрового дерева?—{wc}Меня выдергивает из мыслей, когда я снова слышу звук изнутри.{wc}Мне стоит зайти внутрь?{wc}Я действительно не хочу разочаровать мисс. Я знаю, что она сказала подождать до 2 ночи, но это было месяцы назад, разве мы не ближе сейчас?{wc}Что если место преступления будет испорчено, потому что я ничего не сделала?{wc}Я могу убраться там прямо сейчас и сказать ей, что я всё сделала! Думаю, она будет рада!{wc}Но мои руки не отражают мои мысли, и они потеют так сильно, что моя корзина теперь ощущается, как верёвка для перетягивания каната.",{i}奇怪的是，我發誓我剛剛聽到了從建築內發出的弔詭聲音。{wc}......{wc}我相信我不應該把犯案現場搞砸吧{wc}......可是這一切都有點可怕，所以我也不該向某些恐怖電影的主角一樣笨倒去探險吧......{wc}這扇木門是唯一能擋住我進去犯案現場的吧？{wc}這扇門頗有設計感—有各式各樣華麗的花紋—{wi}這說不定是雪松木？—{wc}一聲從室內發出的駭人聲響把我拉回實際。{wc}我該直接進入室內嗎？{wc}我真的不想讓小姐失望。她雖然跟我告誡過必須等到凌晨兩點以後才能進到工作現場，不過那也是兩個月前的事情了吧？我們也不是夠親近了嗎？{wc}如果犯案現場因為我毫無作為而被搞砸了怎麼辦？{wc}我可以清理整個犯案現場並跟小姐說是我自己獨自清理的啊！我覺得她會開心的！{wc}我的雙手好像不聽我腦袋的使喚，雙雙都留下了一把汗，讓手上的籃子變成拔河選手在場上的繩子似的。,"{i}Bizarre, je jure que j’ai entendu du bruit venant de l’intérieur{wc}...{wc}Ok, bon, il ne faudrait pas que la scène de crime soit ruinée, n’est-ce pas ?{wc}...Mais ça fait peur, et je ne veux pas être ce genre de protagoniste idiote de film d’horreur...{wc}Cette porte en bois en face de moi est tout ce qui me bloque l’intérieur.{wc}C’est très beau. Le bois a des petits motifs de cèdre gravés –{wi}elle est peut-être faite de bois de cèdre ?---{wc}Je sors de mes pensées quand j’entends un autre son venant de l’intérieur.{wc}Et si la scène était ruinée parce que je n’ai rien fait ?{wc}Je pourrais tout nettoyer maintenant et lui dire que je l’ai fait ! Je pense qu’elle serait contente !{wc}Mes mains ne reflètent pas mes pensées par contre, elles suintent tellement que mon panier me fait penser à une corde pendant le jeu du tir à la corde. "
SAY.Final.83.Ellie,,{i}Whatever -- a leap of faith it is!{wc}For Miss!,{i}Que seja... é um ato de fé!{wc}Pela Dona!,{i}Нічого -- це символ довіри!{wc}Заради Панни!,"{i}Ну всё, прыжок веры!{wc}Для мисс!",為了小姐！{i}我必須下定決心！{wc},"{i}Peu importe, c’est un élan de conviction !{wc}Pour Miss !"
SAY.Final.86.Ellie,,{i}I walk into Spider Manor.{s=5}{wc}...{wc}{/s}{s=15}I freeze in shock. {wc}My basket drops to the floor. {wc}{/s}{s=20}The apples roll out one by one towards the scene in front of me.,"{i}Eu entro na Mansão Aranha.{s=5}{wc}...{wc}{/s}{s=15}Meu corpo congela.{wc}Minha cesta cai no chão.{wc}{/s}{s=20}As maçãs, uma após a outra, rolam até a cena na minha frente.",{i}Я заходжу в Павучий маєток.{s=5}{wc}...{wc}{/s}{s=15}Мене проймає шок. {wc}Кошик падає додолу. {wc}{/s}{s=20}Яблука одне з одним викочуються на сцену переді мною.,{i}Я захожу в Особняк Паука.{s=5}{wc}...{wc}{/s}{s=15}Я замерзаю от шока. {wc}Моя корзина падает на пол. {wc}{/s}{s=20}Яблоки катятся одно за другим к сцене передо мной,{i}在我戰戰兢兢地走入蜘蛛莊園時{s=5}{wc}......{wc}{/s}{s=15}我被眼前的景象經呆了{wc}手一鬆，籃子就掉在地上{wc}{/s}{s=20}蘋果便在我眼前散落一地。我實在無法相信自己所見的悽慘景象。,"{i} Je rentre dans le Manoir Araignée.{s=5}{wc}...{wc}{/s}{s=15}Je me fige, sous le choc.{wc}Mon panier tombe au sol. {wc}{/s}{s=20}Les pommes roulent une par une en direction de la scène en face de moi."
SAY.Final.289.Ellie,,Huh..??? Miss?,... Hã..?? Dona?,Га??? ...Панно?,А...???? Мисс?,蛤？？？小姐？？,Euh..??? Miss ?
SAY.Final.299.,,"{i}A dead man lies in front of me, and Miss holds the knife.{wc}I’m unable to say anything for a few moments.{wc}When I finally get my voice back, I can only stutter incoherent words, gesturing wildly between the person on the ground and Miss.","{i}Na minha frente, um homem morto, e Dona segura uma faca.{wc}Por uns momentos, não consigo pronunciar uma palavra.{wc}Quando finalmente recupero minha voz, apenas gaguejo palavras sem sentido, apontando alternadamente para a pessoa no chão e para a Dona.","{i}Переді мною лежить мертва людина, а в руках Панни -- ніж.{wc}Кілька хвиль я не могла видати з себе жодного звуку.{wc}Коли я нарешті змогла опанувати свій голос, то могла лише нерозбірливо белькотати, вказуючи то на мертве тіло, то на Панну.","{i}Передо мной лежит мертвый человек, а мисс держит нож.{wc}Я не могу ничего сказать несколько мгновений.{wc}Когда я, наконец, восстанавливаю голос, я могу только заикаясь произносить невнятные слова, яростно указывая между человеком на земле и мисс.",{i}一具血淋淋的男屍體映入眼前。小姐手上拿著刀以那殘酷的眼神瞪著在她身前的那具屍體，彷彿在無聲地宣稱自己的勝利。{wc}沈重的空氣讓我的嘴巴出不了力。{wc}當我總算拾回自己的聲帶時，嘴中也僅能碎唸出毫無意義、片面的文字，慌慌張張地指著那具不堪的屍體以及對自己所犯下的罪毫無罪惡感的小姐。,"{i}Un homme mort est allongé en face de moi, et Miss tient le couteau.{wc}Je suis incapable de dire quoi que ce soit pendant quelques moments.{wc}Quand je retrouve enfin ma voix, je peux seulement bégayer des mots incohérents, faisant des gestes rapides entre la personne au sol et Miss."
SAY.Final.300.Miss,,Ah.. Ellie?,Ah.. Ellie?,Ах... Еллі?,Ах... Элли?,啊......艾莉？,Ah.. Ellie?
SAY.Final.302.Miss,,...You’re here early.{wc}Or I guess you’re finally here on time?,...Você chegou cedo.{wc}Ou será que finalmente chegou na hora certa?,"...Ти сьогодні рано.{wc}Або, гадаю, якраз учасно?","...Ты пришла рано.{wc}Или, наверное, ты наконец-то пришла вовремя?",......妳好像提早到了{wc}或是說妳總算準時到現場了呢......,… Tu es là en avance.{wc}Ou je suppose que tu es enfin là à l’heure ?
SAY.Final.116.Ellie,,What... {wi}Are you okay? {wi}Did they -- {wi}why are you holding -- {wi}did you do this?{wc}No -- {wi}you can’t -- {wi}but -- {w=0.2}why? What-- {w=0.2}why would you do this? What did they do to you?,O que...{wi} você está bem? {wi}Eles... {wi}por que você está segurando... {wi}você fez isso?{wc}Não...{wi} você não pode... {wi}mas...{w=0.2} por quê? O que... {w=0.2}por que você faria isso? O que eles fizeram para você?,Що... {wi}Ви в порядку? {wi}Вони -- {wi}чому Ви тримаєте -- {wi}це Ви зробили?{wc}Ні -- {wi}Ви не могли -- {wi}але -- {w=0.2}чому? Що-- {w=0.2}навіщо Вам це було б робити? Що вони Вам заподіяли?,Что... {wi}Ты в порядке? {wi}Они — {wi}почему ты держишь — {wi}ты сделала это?{wc}Нет — {wi}ты не можешь — {wi}но — {w=0.2}почему? Что-- {w=0.2}почему ты это сделала? Что с ними случилось?,......啥{wi}妳，妳還好嗎{wi}他們—{wi}為什麼妳拿著—{wi}妳殺—殺了他嗎？{wc}不—{wi}這不可能—{wi}但為什麼—{w=0.2}為什麼？{w=0.2}妳會做幹出這樣的事？他們對妳做了什麼？,Quoi… {wi}Vous allez bien ? {wi}Il a – {wi}pourquoi vous tenez – {wi}vous avez fait ça ?{wc}Non – {wi}vous n’avez pas – {wi}mais – {w=0.2}pourquoi ? Quoi-- {w=0.2}pourquoi vous feriez ça ? Qu’est-ce qu’il vous a fait ?
SAY.Final.92.Miss,,"I think you figured it out, so I’ll just answer your last question. What did this guy do to me?","Eu acho que você já descobriu, então apenas irei responder sua última pergunta. O que esse cara fez para mim?","Думаю, головне ти зрозуміла, тож відповім на твоє останнє запитання. Що цей чоловік зробив мені?","Думаю, ты уже разобралась, так что я просто отвечу на твой последний вопрос. Что этот парень сделал со мной?",我覺得妳好像自己看得出來了，所以我只幫妳回答妳最後的問題。剛剛那傢伙對我做了什麼？,"Je pense que tu l’as deviné, donc je vais juste répondre à ta dernière question. Qu’est-ce que ce gars m’a fait ?"
SAY.Final.134.Miss,,Nothing.,Nada.,Нічого.,Ничего.,什麼都沒有。,Rien.
SAY.Final.132.Miss,,"But he trafficked humans and laundered money (remember the jewelry store?). Hundreds of people -- children, teens, adults, 6 year olds and 30 year olds -- all assaulted in unthinkable ways. And all for a perception of luxury.","Mas ele traficava pessoas e lavava dinheiro (lembra-se da loja de joias?). Centenas de pessoas... crianças, adolescentes, adultos, pessoas com 6 anos, com 30 anos... todos violados de formas inimagináveis. E tudo por causa de luxúria.","Але він торгував людьми й відмивав гроші (пам’ятаєш ту ювелірну крамницю?). Сотні людей -- діти, підлітки, дорослі, 6- й 30-річні -- всі зазнали немислимої наруги. І все заради відчуття розкоші.","Но он торговал людьми и отмывал деньги (помните ювелирный магазин?). Сотни людей - дети, подростки, взрослые, шестилетние и тридцатилетние - все подверглись немыслимому насилию. И все ради ощущения роскоши.",但他專門經營人口販賣產業並且把錢洗得一乾二淨的（還記得中正珠寶店嗎？）。幾百位無辜的平民老百姓—包含兒童、青年、成年人、從六歲到三十歲的人都曾被他以無法想像的方法清害—一切都只為了他自己對於金錢利益的欲望。,"Mais il a fait du trafic d’humains et du blanchiment d’argent (vous vous rappelez du magasin de bijoux ?). Des centaines de personnes – enfants, adolescents, adultes, six ans ou trente ans – tous agressés de manières impensables. Et tout ça pour un semblant de luxure."
SAY.Final.93.,,"{i}My legs give out, and I drop to my knees. I feel sick to my stomach.{wc}Thump, thump, thump... I can’t tell if it’s my heart or the apples around me.","{i}Minhas pernas fraquejam e caio de joelhos no chão. Sinto uma dor no estômago.{wc} Tum, tum, tum... eu não sei dizer se é o som do meu coração ou das maçãs colidindo ao meu redor.","{i}Мої ноги підкошуються -- і я падаю на коліна. Мені зле.{wc}Стук, стук, стук... Не можу сказати напевно, чи це серце стукає, чи яблука на підлозі.","{i}Мои ноги подкашиваются, и я падаю на колени. Мне становится плохо.{wc}Тух, тух, тух... Я не могу понять, это моё сердце или яблоки вокруг меня.",{i}我的腳逐漸始不出力，痙孿著無法動彈。我無法接受小姐剛剛犯下的罪。{wc}碰碰碰......此時我也已經分不出到底是蘋果掉落一地的聲音還是自己的心跳聲。,"{i}Mes jambes cèdent, et je tombe à genoux. J’ai mal au ventre.{wc}Boum, boum, boum… Je ne saurais pas dire si c’est mon coeur ou les pommes autour de moi."
SAY.Final.96.Miss,,What’s wrong? {wi}Is it too disturbing?,O que foi?{wi}É muito perturbador?,Що таке? {wi}Занадто жахливо?,Что не так? {wi}Это слишком пугающе?,妳還好嗎？{wi}太過難以接受了嗎？,Qu’est-ce qui ne va pas ? {wi}Est-ce trop dérangeant ?
SAY.Final.97.Ellie,,"{s=15}...Of course, you... {/s}{s=30}...psychopath!","{s=15}...Claro que sim, sua...{/s}{s=30}...psicopata!","{s=15}...Звісно, Ви... {/s}{s=30}...психопатка!","{s=15}...Конечно, ты... {/s}{s=30}...психопат!",{s=15}當然...{/s}{s=30}...妳是個瘋子！,"{s=15}...Bien sûr, vous… {/s}{s=30}...psychopathe !"
SAY.Final.98.,,{i}A beat of silence passes.,{i}Um momento de silêncio se passa.,{i}Минає хвиля тиші.,{i}Проходит момент молчания.,{i}緊接而來的，是沉重的寧靜,{i}Un bref silence s’installe.
SAY.Final.99.Miss,,"Oh~, my Ellie, you’re so innocent~! {wi}I loved that about you, you know?{wc}I love your innocence, your naive little mind, so so much. And your reaction now -- to think I was scared of showing you! You don’t know how much better this makes me feel.","Ah~, minha Ellie, você é tão inocente~! {wi}Eu amei isso sobre você, sabia?{wc}Eu amo muito sua inocência, sua pequena mente ingênua. E a sua reação agora... achar que eu teria medo de te mostrar! Você não sabe o quão bem isso me fez sentir.","Ох~, Моя Еллі, ти така невинна~! {wi}Я люблю цю рису в тобі, знаєш?{wc}Я люблю твою невинність, твій маленький наївний розум, дуже-дуже сильно. І твою поточну реакцію -- подумати тільки, я боялася відкрити це тобі! Ти не уявляєш, як приємно мені від того стає.","О~, моя Элли, ты такая невинная~! {wi}Я обожала это в тебе, знаешь?{wc}Я так сильно люблю твою невинность, твой наивный маленький разум. И твоя реакция сейчас — думать, что я боялась тебе это показать! Ты не представляешь, как мне теперь стало легче.",歐～我可愛無辜的艾莉～{wi}妳的天真是我最喜歡妳的一點妳知道嗎？{wc}看來妳也以為我會怕讓妳知道我現在正在做的事情，但正好相反。讓天真無辜的妳述說自己內心必要的惡真的釋放了我剛剛緊張的情緒呢～,"Oh ~, ma Ellie, tu es si innocente ~ ! {wi} J’aimais ça chez toi, tu sais ?{wc}J’aime ton innocence, ton petit esprit naïf, tellement. Et ta réaction maintenant – et dire que j’avais peur de te montrer ! Tu ne sais pas à quel point ça me fait me sentir mieux."
SAY.Final.139.Miss,,"Oh, the sickly sweet sight of such a young and gullible person wandering the world on their own... the innocence one can never get back, the moment of love and loss...","Ah, a visão doce e doentia de uma jovem tão influenciável vagando pelo mundo sozinha... a inocência que ninguém pode recuperar, o momento de amor e perda...","Ох, до нудоти солодкий вид такої молодої та довірливої дівчини, що торує свій шлях у світі... невинність, яку не повернути, момент кохання й утрати...","О, этот приторно-сладкий взгляд на такую молодую и наивную душу, блуждающую по миру в одиночестве... невинность, которую уже нельзя вернуть, момент любви и утраты...",啊～看著一位天真無邪的女孩，無意間落入深淵無法返回從前的光景～,"Oh, la vue maladivement mignonne d’une personne si jeune et crédule s’aventurant seule dans le monde… l’innocence que personne ne peut récupérer, le moement de l’amour et de la perte…"
SAY.Final.142.Ellie,,"What... you... you’re sick...{wc}W-- wait... what do you mean “scared of corrupting me”?{wc}If this is what I was supposed to clean today, then have we been cleaning up after your crimes this entire time??","O que... você... você é doente...{wc}E espera aí... o que você quis dizer com ""medo de me mostrar”?{wc}Se isso é o que era para eu arrumar hoje, então quer dizer que estivemos limpando cenas de crimes seus esse tempo todo??","Що... Ви... Ви хворі...{wc}С-- стривайте... тобто Ви «боялися зіпсувати мене»?{wc}Якщо й сьогодні я мала прибирати цей злочин, то весь цей час я прибирала за Вами???","Что... ты... ты больна...{wc}П-Подожди... что ты имеешь в виду, говоря ""боялась испортить меня""?{wc}Если это то, что мне нужно было очистить сегодня, то мы всё это время убирали за твоими преступлениями??",妳......真他媽有病！{wc}「不會怕我讓妳知道我現在正在做的事情」他媽是什麼意思？{wc}如果這是我們今天要清理的犯案現場，那我前幾次所清理的地點都是妳自己犯案過後的現場啊？？,"Quoi… vous… vous êtes malade...{wc}A-- attendez… qu’est que vous voulez dire par « apeurée de me corrompre » ?{wc}Si c’est ce que j’étais supposée nettoyer aujourd’hui, alors nous avons nettoyé vos crimes depuis le début ??"
SAY.Final.100.,,"{i}Miss opens her mouth to say something, but I cut her off.","{i}Dona abre a boca para falar algo, mas eu a interrompo.","{i}Панна розкриває рота, аби щось сказати, та я її перебиваю.","{i}Мисс открывает рот, чтобы что-то сказать, но я перебиваю её.",{i}小姐彷彿想說什麼，但我立刻打斷他,"{i}Miss ouvre la bouche pour dire quelque chose, mais je la coupe."
SAY.Final.145.Ellie,,"The -- the jewelry replacements! Those were fake, weren’t they? And everything you had me do, just so people wouldn’t notice something went wrong.{wc}The ‘feud’ at the jewelry shop, that one clerk’s assurement that the jewelry was genuine, the atrocious 2 AM worktimes, the blood you convinced me wasn’t blood.{wc}It was all a lie...? {wi}These were all your own crimes?","A... a substituição das joias! Elas eram falsas, não eram? E tudo o que você me obrigou a fazer, só para que ninguém notasse que algo estava errado.{wc}A discussão na loja de joias, aquela afirmação da atendente de que a joia era verdadeira, os terríveis turnos às 2 da manhã, o sangue que você me convenceu de que não era sangue.{wc}Era tudo mentira...? {wi}Eram todos crimes seus?","Під-- Підміна ювелірних прикрас! Вони були несправжніми, чи не так? І все, що Ви мене змушували робити, щоби люди не помітили, що щось не так.{wc}«Непорозуміння» в ювелірній крамниці, ті переконання продавця у справжності прикрас, гарування о 2 ночі, кров, що Ви мене переконували, що це насправді не вона.{wc}Усе це була брехня? {wi}Усе це були Ваші злочини?","Те -- замены ювелирных изделий! Они были фальшивыми, не так ли? И всё, что ты заставляла меня делать, чтобы люди не заметили, что что-то пошло не так.{wc}Тот 'конфликт' в ювелирном магазине, уверенность того продавца, что ювелирные изделия настоящие, ужасные рабочие часы в 2 ночи, кровь, которую ты убедила меня, что это не кровь.{wc}Всё это было ложью...? {wi}Это были твои собственные преступления?",那些珠寶替代品！那些都是贗品，對吧？還有那些我一切為妳所做的事，都是為了轉移其他人的注意力，以讓他們不要察覺到妳骯髒的罪行，對吧！{wc}那些妳曾說服我是咖啡渣的血跡以及其他妳曾經交待過我的{wc}全都是謊話！{wi}這些都是妳親手犯下的罪吧！,"Les – les remplacements de bijoux ! Ils étaient faux, n’est-ce pas ? Et tout ce que m’avez fait faire, juste pour que les gens ne remarquent pas que quelque chose de mal s’est passé.{wc}La « querelle » à la boutique de bijoux, la vendeuse qui m’a assuré que la joaillerie était vraie, le travail atroce à deux heures, le sang qui n’était pas du sang d’après vous.{wc}Tout ça était un mensonge…?{wi}Tout ça, c’était vos propres crimes ?"
SAY.Final.102.Miss,,"You just noticed?{wc}Hahaha, you’re so cute. There’s more you haven’t observed yet.{wc}But yes, I guess some of what we’ve been covering have been ‘my’ crimes -- though they’re ours now, since you helped me cover them. Still valid crimes, if I do say so myself.","Você só percebeu agora?{wc}Haha, você é tão fofa. Ainda tem mais coisas que você não percebeu.{wc}Mas sim, acho que algumas das cenas nas quais trabalhamos foram de crimes ""meus"", embora eles agora sejam ""nossos"", já que você me ajudou a encobri-los. Ainda são crimes válidos, eu diria.","Ти тільки здогадалася?{wc}Ха-ха-ха, яка ж ти миленька. Хоча ти помітила далеко не все.{wc}Але так, гадаю, що деякі сцени злочину, з якими ми працювали, були «моїми» -- проте тепер вони наші, бо ти допомогла мені їх приховати. Але все ж справедливі злочини, якщо на те пішло.","
Ты только сейчас заметила?{wc}Хахаха, ты такая милая. Есть ещё кое-что, что ты не заметила.{wc}Но да, думаю, часть того, что мы убирали, были 'моими' преступлениями — хотя теперь они наши, потому что ты помогала мне скрывать их. Всё равно действительные преступления,  так скажу.",妳現在才發現？{wc}哈哈哈，妳還真是可愛。不過還有某些細節妳還沒觀察到呦～{wc}不過妳說得一點也沒錯，這些全都是我親手犯下的罪，但要說也是「我們」共同犯下的罪吧？,"Tu viens juste de remarquer ?{wc}Hahaha, tu es si mignonne. Il y a encore plus de choses que tu n’as pas vues encore.{wc}Mais oui, je suppose qu’une partie de ce don’t on s’est occupé étaient mes crimes – même si ce sont les nôtres maintenant, puisque tu m’as aidé à les cacher. Des crimes toujours valides, si je peux dire."
SAY.Final.103.Ellie,,"{s=15}...What do you mean, valid crimes?","{s=15}...O que você quer dizer com ""crimes válidos”?",{s=15}...Тобто «справедливі злочини»?,"{s=15}...Что ты имеешь в виду под ""действительными преступлениями""?",{s=15}為什麼是「我們」？,{s=15}...Que voulez-vous dire par crimes valides ?
SAY.Final.104.Miss,,"Oh, darling, haven’t you ever wondered why these places you’ve been cleaning up are interconnected?{wc}Or maybe you didn’t realize.","Ah, amada, você nunca pensou no porquê de todos esses lugares estarem conectados?{wc}Ou talvez você não tenha percebido.","О, люба, ти ніколи не замислювалася, яким чином усі ті місця, які ти прибирала, пов'язані між собою?{wc}Або ти просто не усвідомлювала.","О, дорогая, ты разве никогда не задумывалась, почему эти места, которые ты убираешь, связаны между собой?{wc}Или, может, ты не заметила.",歐，我的寶貝，妳難道沒有好奇過為什麼妳所清理的地點之間的關聯嗎？{wc}還是妳可能還沒察覺到蹊蹺？,"Oh, chérie, tu ne t’es jamais demandé pourquoi ces endroits que tu as nettoyés sont liés.{wc}Ou peut-être que tu n’as pas réalisé."
SAY.Final.146.Miss,,"If only you did a little bit of research, though your naivety is one of your most charming points.","Se talvez você tivesse pesquisado um pouco, embora sua ingenuidade seja uma das suas características mais encantadoras.","Якби ж ти лише спробувала все дослідити бодай трішки, хоча твоя наївність є однією з найдорогоцінніших рис.","Если бы ты немного поизучала, хотя твоя наивность — одна из самых очаровательных черт.",唉，如果妳當初多做點功課～不過不管如何妳的天真讓你的可愛度大大地加分呦～,"Si seulement tu avais fait un peu de recherche, même si ta naiveté est un de tes points les plus charmants."
SAY.Final.105.Ellie,,"I... Don’t harm me, please. I’m going. I’m leaving. I’m quitting.","Eu... Não me machuque, por favor. Eu estou indo. Estou indo embora. Estou me demitindo.","Я... Благаю, не чіпайте мене. Я йду. Я йду геть. Я звільняюся.","Я... Пожалуйста, не трогай меня. Я ухожу. Я покидаю это. Я увольняюсь.",拜......拜託不要傷害我。我要走了，我真的要走了，我不要繼續上班了。我要使用喬斯達的大絕招—Nigerundayo～,"Je.. Ne me faites pas de mal, s’il vous plaît. J’y vais. Je pars. Je démissionne."
SAY.Final.106.Miss,,...And where would you go? At least we’re helping our world here.,...E para onde você iria? Pelo menos estamos ajudando nosso mundo aqui.,...І куди ти збираєшся йти? Принаймні тут ми допомагаємо нашому світу.,"..А куда ты пойдешь? По крайней мере, мы помогаем нашему миру здесь.",哈！真可笑～妳終究要逃去哪呢？喬斯達也救不了妳啊！至少我所做的是必要之惡！,...Et où irais-tu ? Au moins nous aidons notre monde.
SAY.Final.150.Miss,,"Oh, Ellie, wherever you go, there’s going to be terrible people, corrupt ones that would throw you away without a single thought.{wc}But I wouldn’t.{wc}And think about it. All we’re doing is cleaning the world, one mistake at a time.","Ah, Ellie, aonde quer que você vá, verá pessoas terríveis, corrompidas, que se livrariam de você sem pensar duas vezes.{wc}Mas eu não faria isso.{wc}E pense nisso. Tudo o que estamos fazendo é limpar o mundo, um erro de cada vez.","Ох, Еллі, куди б ти не пішла, довкола будуть жахливі люди, зіпсовані індивіди, що пройдуть по твоїй голові без зайвої думки.{wc}Але я не така.{wc}Просто подумай про це. Ми очищуємо світ, по одній хибі за раз.","О, Элли, куда бы ты ни пошла, там будут ужасные люди, испорченные, которые выбросят тебя, не задумавшись ни на секунду.{wc}Но я не буду.{wc}Подумай об этом. Всё, что мы делаем, — это чистим мир, одну ошибку за раз.",即使妳逃到天涯海角還是會有妳眼中的惡人，特別是下三爛的那種，會把妳當垃圾丟在一旁蹂躪。{wc}但我不會。{wc}往好處想，我們所做的是，雖然不是最為正義的，但我們也是想辦法把這骯髒的事件一點一滴的收拾乾淨，一次「清除」一項錯誤。,"Oh, Ellie, où que tu ailles, il y aura toujours des gens horribles, corrompus, qui te jetteraient à la poubelle sans hésiter.{wc}Mais je ne le ferais pas.{wc} Et réfléchis-y. Nous ne faisons que nettoyer le monde, une erreur à la fois."
SAY.Final.107.Ellie,,You mean one corpse at a time.,Você quer dizer um corpo de cada vez.,Цебто по одному тілу за раз.,Ты имеешь в виду одно тело за раз.,妳是指一次處理一具屍體？,Vous voulez dire un corps à la fois.
SAY.Final.108.Miss,,"Hahaha, sure, that works too.{wc}And yet we’re never going to run out of these corpses. In the end, the immoral acts of humanity will drown us all.","Hahaha, claro, pode ser, também.{wc}E, ainda assim, nunca será o suficiente. No fim, os atos imorais da humanidade afogarão todos nós.","Ха-ха-ха, правда, можна й так сказати.{wc}І все ж трупи ніколи не закінчаться. Врешті-решт аморальні вчинки людства потоплять нас усіх.","Хахаха, да, это тоже подойдёт.{wc}И всё же мы никогда не исчерпаем эти тела. В конце концов, аморальные поступки человечества поглотят нас всех.",哈哈，這樣說也是對的啊～{wc}更好的是，骯髒的人性使我們有清不完的屍體，即使把這世界上所有屍體清理完畢，我敢說每秒又有多好幾具屍體要清理啊～,"Hahaha, oui, ça marche aussi.{wc}Et pourtant nous n’allons jamais manquer de corps. À la fin, les actes immoraux de l’humanité vont tous nous noyer."
SAY.Final.109.Ellie,,"...No, you’re the one committing those immoral acts. A lot of people do good in this world without needing to resort to crime.{wc}We can fix everything without having to go through this.","...Não, é você quem está cometendo atos imorais. Muitas pessoas fazem o bem neste mundo sem precisar recorrer ao crime.{wc}Nós podemos consertar tudo sem precisarmos passar por isso.","...Ні, саме Ви вчиняєте всі ці аморальні речі. Багато людей чинять лише добро в цьому світі, не вдаючись до злочинів.{wc}Можна все виправити, самим не вдаючись до подібного.","...Нет, ты — тот, кто совершает эти аморальные поступки. Многие люди делают добро в этом мире, не прибегая к преступлениям.{wc}Мы можем всё исправить, не проходя через это.",可是，妳才是這社會如此骯髒，下三爛的源頭啊！這世界即使如此黑暗，但還是有許多人試圖合法地讓這個世界至少變乾淨一些。{wc}即使現在事情變得如此糟糕的地步，我們也可以嘗試盡我們所能修好這個爛攤子，妳的爛攤子。,"...Non, vous êtes celle qui commet ces actes immoraux. Beaucoup de gens font du bien dans ce monde sans avoir besoin de recourir au crime.{wc}Nous pouvons tout réparer sans avoir à passer par ça."
SAY.Final.111.Miss,,Have you ever truly believed that whatever ‘good’ is defined as could outweigh human nature?,"Você realmente acredita que o ""bem"", seja lá o seu significado, pode superar a natureza humana?","Чи вірила ти коли-небудь по-справжньому в те, що «добро» переважає людську природу?","Ты когда-нибудь действительно верила, что то, что называют «добром», может перевесить природу человека?",妳真正有想過「正義」真的能夠支配人的本性嗎？旬子曰：「人性本惡」就是這個道理。難道妳從來都沒有過骯髒齷齪的思想嗎？,As-tu déjà vraiment cru que tout ce qui est défini comme « bien » pouvait l’emporter sur la nature humaine ?
SAY.Final.112.Miss,,"Tell me you’ve never thought twice about being spit at for having this job, even though it’s really the backbone of society. ","Diga-me que você nunca pensou duas vezes sobre ser menosprezada por ter esse emprego, mesmo com ele sendo a espinha dorsal da sociedade.","Тільки скажи, що ти ніколи не думала про те, що тебе заплюють за твою роботу, хоч вона і є важливою основою суспільства. ","Скажи мне, что ты никогда не задумывалась дважды о том, что на тебя плюют из-за этой работы, хотя она на самом деле является основой общества.",妳難道沒有想過這份工作即使被人們當街上的老鼠踐踏，它仍然是這社會的棟樑？,"Dis-moi que tu n’as jamais pensé que tu te ferais cracher dessus parce que tu fais ce travail, même si c’est vraiment la colonne vertébrale de la société."
SAY.Final.113.Miss,,"And look around you, at the people littering in the streets, blatantly lying to each others’ faces just to get a promotion, or cheating on their lover ‘just for a night.’ What’s there to love about people like that?","E olhe a sua volta, para as pessoas poluindo as ruas, mentindo descaradamente apenas para conseguir uma promoção no trabalho, traindo seus cônjuges por ""apenas uma noite"". O que essas pessoas têm de bom?","І поглянь довкола, поглянь на людей, що волочаться вулицями, відверто брешуть одне одному в лице, аби отримати підвищення, або зраджують коханим «лише на одну ніч». І за що таких людей можна любити?","Посмотри вокруг: люди, которые мусорят на улицах, прямо в глаза врут друг другу ради повышения или изменяют своим партнерам «просто на одну ночь». Что можно любить в таких людях?",看看妳的四周，為了「懶惰」而亂丟垃圾的人們；為了「名譽與利益」而阿諛奉承、甚至不惜說謊的人們；或是只為了「性慾」而為自己的愛人戴上綠帽？這些人到底有什麼值得被尊重的？,"Et regarde autour de toi, les gens qui polluent les rues, qui se mentent de façon éhontée juste pour avoir une promotion, ou trompent leur partenaire « juste pour une nuit ». Qu’est-ce qu’il y a d’appréciable chez des gens comme ça ?"
SAY.Final.155.Miss,,"Sure, a single action might not define one’s entire being.{wc}But tell me you’ve never wished you could be someone else, to take their place in this universe -- or even just a single one of their possessions. {wi}Tell me you’ve never dreamed of being on top of the world, of being better than everyone else.{wc}Tell me you’ve lived your life without an inkling of selfishness or immorality.{wi} Because you cannot -- all of that is human nature.{wc}And we’re here doing this job, seeing this truth: for every mistake we clean up, infinitely more occur.{wc}People believe they can wash away their mistakes, but do you really think there’s anything left to clean up in this disaster of a world? We might as well say there’s no point to it all.","Claro, uma pequena ação não pode definir uma pessoa por completo.{wc}Mas diga-me que você nunca desejou ser outra pessoa, tomar o lugar dela nesse universo – ou, pelo menos, ter alguma coisa que é dela. Diga-me que você nunca sonhou em estar no topo do mundo, em ser melhor do que todos.{wc}Diga-me que você viveu sua vida inteira sem demonstrar ter um pingo de egoísmo ou imoralidade. Porque você não pode... tudo isso faz parte da natureza humana.{wc}E nós estamos realizando esse trabalho, vendo esta verdade: para cada erro que eliminamos, inúmeros outros acontecem.{wc}As pessoas acreditam que podem se purificar de seus erros, mas você realmente pensa que existe algo para ser purificado nesse mundo horrível? Nós podemos dizer, também, que nada disso tem sentido.","Звісно, один вчинок не визначає всю вдачу людини.{wc}Але скажи, що ти ніколи не хотіла бути кимось іншим, зайняти їхнє місце у світі -- або невеличку частку їхніх надбань. {wi}Скажи, що ти ніколи не мріяла бути на вершині світу, бути кращою за всіх інших.{wc}Скажи, що ти досі жила без жодного натяку на егоїзм та аморальність.{wi} Адже ж це неможливо -- усе це людська вдача.{wc}І ось ми тут виконуємо свою роботу й бачимо правду: за кожною виправленою помилкою виникає інша.{wc}Люди вірять в можливість відмитися від своїх гріхів, але чи ти сама віриш, що щось можливо виправити в цій світовій катастрофі? Можна сказати, що все це безглуздо.","Конечно, одно действие не может определить весь характер человека.{wc}Но скажи мне, что ты никогда не желала быть кем-то другим, занять их место в этом мире — или хотя бы завладеть чем-то их собственным. {wi}Скажи мне, что ты никогда не мечтала оказаться на вершине мира, быть лучше всех остальных.{wc}Скажи мне, что ты прожила свою жизнь без малейшего намёка на эгоизм или аморальность.{wi} Потому что ты не можешь — всё это часть человеческой природы.{wc}А мы здесь, выполняем эту работу, видя эту правду: за каждую ошибку, которую мы убираем, происходят бесконечные новые.{wc}Люди верят, что могут смыть свои ошибки, но ты правда думаешь, что в этом катастрофическом мире ещё что-то осталось для исправления? Мы могли бы сказать, что в этом всем нет смысла.",當然，一個人的單一行動不會定意一個人的個性。{wc}但是妳難道沒有忌妒過他人，或至少他們手上的其中一樣物品？{wi}妳難道沒有妄想自己當上那支配整個世界的 1％？{wc}妳難道不曾有過自私或不道德的思想嗎？即使是「這還好啦沒有人會看到」的小事{wi}也再次驗證「人性本惡」的基本道理。{wc}而我們站在這裡，看清了事實：每一次我們改正了一個壞習慣，又有無數多個壞習慣以及心中的小惡魔佔領了妳的整個內心。{wc}有些人以為曾經的過錯事可以被洗白的，但妳真的覺得這糟糕的世界真的還有什麼是值得修正的嗎？我們可以直接說「改正過錯」是一點都不值得我們去花時間的。,"Bien sûr, une seule action ne définit pas forcément l'être tout entier. {wc}Mais dis-moi que tu n'as jamais souhaité être quelqu'un d'autre, prendre sa place dans cet univers, ni même une seule de ses possessions. {wi}Dis-moi que tu n'as jamais rêvé d'être au sommet du monde, d'être meilleur que tout le monde.{wc}Dis-moi que tu as vécu ta vie sans la moindre trace d'égoïsme ou d'immoralité.{wi}Parce que c'est impossible, tout cela fait partie de la nature humaine.{wc}Et nous sommes ici pour faire ce travail, pour constater cette vérité : pour chaque erreur que nous corrigeons, il en survient infiniment d'autres.{wc}Les gens croient pouvoir effacer leurs erreurs, mais penses-tu vraiment qu'il reste quelque chose à réparer dans ce monde désastreux ? Autant dire que tout cela n'a aucun sens."
SAY.Final.157.Miss,,"Really, the phrase ‘cleaning up’ is all a beautiful lie. For as long as humanity remains corrupt, our work will never be done.","Na verdade, a palavra ""purificando"" é uma linda mentira. Enquanto a humanidade permanecer corrompida, nosso trabalho nunca estará feito.","Справді-бо, фраза «відмитися» -- солодка брехня. Допоки людство зіпсуте, нашій роботі не буде кінця.","На самом деле, фраза «убирать» — это просто красивая ложь. Пока человечество остаётся коррумпированным, наша работа никогда не закончится",說實在話，依照德國物理學家克勞修斯所提出的熵，「清理」只是一個謊言，畢竟在全宇宙妳「清理」的再多也不會減少亂度啊！換句話說「清理」的工作會永遠做不完呢！,"Vraiment, ce « nettoyage » est juste un beau mensonge. Tant que l’humanité reste corrompue, notre travail ne sera jamais fini."
SAY.Final.161.Ellie,,"So why do you still do this? You know, if there’s ‘no point to it all’?","Então por que você continua fazendo tudo isso? Sabe, se nada disso tem sentido?",Тоді навіщо Ви продовжуєте це робити? Якщо «все це безглуздо»?,"Так почему ты всё ещё это делаешь? Ты ведь знаешь, что «в этом всем нет смысла»?",那為什麼妳還是會如此執著於「清理」這些東西呢？即使妳說清理「只是一個謊言」。,"Alors pour vous continuez de le faire ? Vous savez, si cela est inutile ?"
SAY.Final.160.Miss,,"Well, the world might be doomed, but I’m trying to make it at least relatively livable for the next generation.{wc}I target people in power, Ellie. People who do these things for fun, just for a short adrenaline boost and a flow of bloody cash.{wc}You know what that motel was used for? Storing the trafficked victims.{wc}And you know who used to live in that abandoned underground building? {wi}Children who were sold and raped and whose innocence was forcibly seized when their day came.{wc}And the guy I just killed was the ringleader of it all. So I’m getting rid of corrupt people like that, one by one.","Bem, o mundo pode estar condenado, mas eu estou tentando deixá-lo pelo menos habitável para a próxima geração.{wc}Meus alvos são pessoas poderosas, Ellie. Pessoas que fazem essas coisas por diversão, só por um pouco de adrenalina e um fluxo de grana manchada com sangue.{wc}Você sabe para quê usavam aquele hotel? Era o cativeiro com as vítimas do tráfico.{wc}E você sabe quem costumava morar naquela construção subterrânea? Crianças que eram vendidas e violadas, cuja inocência era brutalmente arrancada quando chegasse o dia.{wc}E o cara que acabei de matar era o líder de tudo isso. Então estou me livrando de pessoas corrompidas como ele, uma por uma.","Ну, хоч світ і приречений, та я все рівно намагаюся зберегти його придатним до життя для нових поколінь.{wc}Я націлена на людей, котрі мають владу, Еллі. На людей, котрі отримують від цього задоволення -- усе заради приливу адреналіну й отримання кривавої валюти.{wc}Знаєш, для чого використовували той мотель? Для утримання жертв торгівлі людьми.{wc}А знаєш, хто жив у тому підземному приміщенні? {wi}Діти, яких продавали та ґвалтували й чиїх невинність відбирали в роковий день.{wc}І чоловік, якого я щойно вбила, був ватажком усього діла. Отже, я усуваю таких зіпсованих людей, одне за одним.","Ну, мир может быть обречён, но я стараюсь сделать его хотя бы относительно пригодным для следующего поколения.{wc}Я нацеливаюсь на людей у власти, Элли. Людей, которые делают эти вещи ради удовольствия, просто ради кратковременного выброса адреналина и потока крови и денег.{wc}Знаешь, для чего использовался тот мотель? Для хранения жертв торговли людьми.{wc}А знаешь, кто жил в том заброшенном подземном здании? {wi}Дети, которых продавали, насиловали, и чью невинность насильно забирали, когда наступал их день.{wc}А тот парень, которого я только что убила, был главарём всего этого. Так что я избавляюсь от таких коррумпированных людей, одного за другим.",這世界即使看起來已經病入膏肓，但我所作的是至少讓我們的下一代活的輕鬆點。{wc}我的目標主要是那些蔑視人命以換取自己利益或甚至是快感的人啊，艾莉。{wc}妳知道那棟汽車旅館是用來幹什麼的嗎？是用來存放人販受害者的地方。{wc}妳知道是誰曾經住在那荒廢的地下室嗎？{wi}那正式那些被販賣、性侵的兒童。等到時機一成熟，他們就將會被扣押到其他地方。{wc}我所做的是只是把引起這一切事情的萬惡之源一個一個處理掉而已。,"Et bien, le monde est peut-être condamné, mais j'essaie de le rendre au moins relativement vivable pour la prochaine génération.{wc}Je cible les gens au pouvoir, Ellie. Des gens qui font ces choses pour le plaisir, juste pour une petite poussée d'adrénaline et un flux de fric sanglant. {wc}Tu sais à quoi servait ce motel ? À héberger les victimes du trafic. {wc}Et tu sais qui vivait dans ce bâtiment souterrain abandonné ? {wi}Des enfants qui ont été vendus et violés, dont l'innocence a été confisquée de force le jour venu. {wc}Et le type que je viens de tuer était le meneur de tout ça. Alors je me débarrasse de ces gens corrompus, comme ça, un par un."
SAY.Final.159.Ellie,,But you said all people were corrupt. Not everyone's like that.,Mas você disse que todo mundo estava corrompido. Mas nem todos são assim.,"Але ти казала, що всі люди зіпсуті. Та не всі ж роблять подібне.","Но ты говорила, что все люди коррумпированы. Но не все такие.",可是妳說所有人都是被受污染的，但我不這麼認為。,Mais vous disiez que tous les gens étaient corrompus. Tout le monde n’est pas comme ça.
SAY.Final.163.Miss,,"We are, just to different degrees. And that includes you and I. Yet we’re still going to be the last ones here in a sea of chaos, cleaning up behind everyone else, for the future.{wc}There’s a sense of peace in staying back behind them all, in watching like we’re binging our favorite shows as they all take the same immoral paths and end up paying the price for it some way or another -- {wc}-- a price that sometimes we have to be the ones to dole out.{wc}But not everyone is in such a huge position of power, and some of us make better choices than others.","Somos todos corrompidos, mas em diferentes níveis. E isso inclui você e eu. Ainda assim, nós seremos as últimas que sobrarão nesse mar de caos, limpando e purificando o futuro.{wc}Há uma certa paz em ficar para trás deles, em vê-los seguir os mesmos caminhos imorais, como se estivéssemos maratonando nossa série favorita, e vê-los pagando por isso, de uma forma ou de outra...{wc} ...um preço que, às vezes, nós que acabamos tendo que cobrar.{wc}Mas nem todos estão numa posição de poder, e alguns de nós sabem fazer escolhas melhor que outros.","Усі, просто в різній мірі. Враховуючи мене й тебе. І все ж ми лишимося єдиними в цьому морі хаосу, прибираючи за іншими заради майбутнього.{wc}В якомусь сенсі лишатися за їхніми спинами легко, спостерігати, неначе за шоу, як вони обирають все ті ж аморальні шляхи та зрештою платять за це ту чи іншу ціну -- {wc}-- ціну, яку іноді доводиться збирати саме нам.{wc}Але не кожен має таку владу, і хтось робить кращі вчинки, ніж інші.","Мы все такие, просто в разной степени. И это включает нас обоих. Но мы все равно останемся последними здесь, среди этого хаоса, убирая за всеми, ради будущего. Есть некое спокойствие в том, чтобы оставаться позади, наблюдая за ними, как будто мы смотрим свои любимые шоу, когда все они идут по одному и тому же безнравственному пути и в конце концов платят за это так или иначе — ценой, которую иногда нам приходится выплачивать. Но не все находятся в такой большой позиции власти, и некоторые из нас делают лучшие выборы, чем другие.",我們也是被污染的一員，只是被受污染的程度有所不同而已。儘管如此我們也將會是最後一個想辦法在這一連串混亂中掙扎的人，默默的幫其他人清理他們的爛攤子，也為了未來的全人類著想。{wc}就像是我們在看一部電影的壞人付出代價時，心裡總是會浮現一層和平的感覺—{wc}而我們有時也得當這些電影的主角，讓這些壞人為了他們自己所作的不道德的事情付出代價。{wc}不過不是所有人都有能力做這些事，也不是所有人都能做出好的決定。,"Nous le sommes, à des degrés différents. Et cela nous inclut, toi et moi. Pourtant, nous serons toujours les dernières ici dans un océan de chaos, à faire le ménage derrière tout le monde, pour le futur.{wc}Il y a un sentiment de paix à rester derrière eux, à observer comme si on regardait nos séries préférées alors qu’ils empruntent les mêmes chemins immoraux et finissent par en payer le prix d'une manière ou d'une autre -- {wc}-- un prix que nous devons parfois payer nous-mêmes. {wc}Mais tout le monde n'est pas une telle position, et certains d'entre nous font de meilleurs choix que d'autres."
SAY.Final.164.Miss,,"In the end, it’s all about making life a little more tolerable for the next generation.","No fim, é tudo sobre deixar a vida um pouco mais tolerável para a próxima geração.","Врешті-решт усе це для того, щоби зробити життя майбутніх поколінь бодай трохи стерпнішим.","Да, в конечном итоге, всё сводится к тому, чтобы сделать жизнь немного более терпимой для следующего поколения. Это то, что даёт смысл нашим усилиям.",所以最後我們應該做的是讓下一代的生活稍微好一些。,"À la fin, tout tourne autour du fait de rendre la vie un peu plus tolérable pous la prochaine génération."
SAY.Final.166.Miss,,"Okay, no more fussing around now, I’d like to finish up so I can go back to sleep. Are you helping me clean today or not?","Certo, chega de enrolação, eu gostaria de terminar aqui para poder ir para casa e dormir. Você vai me ajudar ou não?","Гаразд, годі про це, я хочу вже закінчити справу й піти спати. Ти сьогодні допоможеш мені з прибиранням чи ні?","Ладно, хватит тянуть время, я хочу поскорее закончить и пойти спать. Ты поможешь мне с уборкой или нет?",好吧我不要再繼續碎唸了，我也希望我們趕快把事情處理完成回老家睡覺。妳要跟我一起清理犯罪現場嗎？,"Bon, plus de blabla maintenant, j’aimerais finir ça que je puisse retourner dormir. Tu vas m’aider à nettoyer aujourd’hui ou pas ?"
MENU.Final.218,,I don't really want to.,Eu realmente não quero.,Насправді я не хочу.,"Честно говоря, не особо хочется.",我真的不太想,Je ne veux pas vraiment.
MENU.Final.219,,...Let's partner up.,...Vamos ser parceiras.,...Об’єднаймо зусилля.,..Давай работать вместе.,我們一起合作吧！,… Soyons partenaires.
MENU.Final.238,,Do I even have a choice?,E por acaso tenho escolha?,Чи в мене взагалі є вибір?,У меня вообще есть выбор?,我難道還有選擇嗎？,Est-ce que j’ai même le choix ?
SAY.Final.169.Ellie,,"...No, I don’t really want to. Actually, I want to quit.","...Não, eu realmente não quero. Na verdade, eu quero me demitir.","...Ні, я дійсно не хочу. Насправді я хочу звільнитися...","..Нет, на самом деле не хочу. Честно, я хочу уволиться",不，我真的不太想。說實在話我想要退出我現在的工作！,"… Non, je ne veux vraiment pas. En fait, je veux démissionner."
SAY.Final.176.Ellie,,"Humanity isn’t all that bad. And you’re... kind of creeping me out, Miss...","A humanidade não é tão ruim assim. E você está... meio que me assustando, Dona...","Людство не таке вже й погане. І Ви... лякаєте мене, Панно...","Человечество не так уж и плохо. А ты... немного пугаешь меня, мисс...",......人性並沒有像妳所說的這麼糟糕，加上妳這個樣子真的有點嚇人啊小姐.....,"L’humanité n’est pas si mauvaise. Et vous,,, me faites vraiment peur, Miss…"
SAY.Final.173.Miss,,"‘Humanity isn’t all that bad’? Think about yourself for a second, from the clothes you wear that were probably manufactured in a sweatshop to the way countless poor little animals went into making your cosmetics.{wc}Look at the accidents you see on the street, at the signs telling you not to feed animals or touch a relic yet people do so anyway.{wc}And I hate to bring this up, but if anything, global warming and the incompetence of humanity go hand in hand.{wc}So if you truly believe humanity ‘isn’t all that bad,’ then there wouldn't be so many unfixable problems in our world. But at the heart of it all, we’re just a corrupted species.","""A humanidade não é tão ruim assim""? Olhe para o espelho, desde as suas roupas, as quais devem ter sido fabricadas com exploração, até as suas maquiagens, que devem conter vários ingredientes provenientes de pobres animais.{wc}Olhe para os acidentes nas estradas, as placas dizendo para não alimentar os animais ou tocar em certas relíquias, mas, de qualquer forma, as pessoas persistem no erro.{wc}E eu odeio ter que falar disso, mas o aquecimento global anda de mãos dadas com a incompetência humana.{wc}Se você acredita que a humanidade não é tão ruim assim, não deveriam existir tantos problemas incorrigíveis no nosso mundo. Mas a verdade é esta: somos apenas uma espécie corrompida.","«Людство не таке вже й погане»? Подумай на мить про себе: ти носиш одяг, який в поті чола виробили в цеху, а на виготовлення косметики, що ти використовуєш, пішло чимало бідних тварин.{wc}Подумай про численні нещасні випадки, що ти бачиш на вулицях, про знаки, що забороняють годувати тварин або торкатися реліквії, але люди все рівно це роблять.{wc}І я ненавиджу це згадувати, проте якщо вже на чистоту, то глобальне потепління й безвідповідальність людства йдуть пліч-о-пліч.{wc}Тож якщо ти справді віриш, що людство «не таке вже й погане», тоді в цьому світі не було би так багато невиправних речей. Але в основі всього лежить те, що ми зіпсований вид.","Человечество не так уж и плохо'? Подумай немного о себе: от одежды, которую ты носишь, вероятно, изготовленной на потогонных фабриках, до того, как бесчисленные бедные животные были использованы для создания твоей косметики.{wc}Посмотри на аварии, которые ты видишь на улице, на знаки, запрещающие кормить животных или трогать реликвии, но люди все равно делают это.{wc}И мне неприятно это упоминать, но, если честно, глобальное потепление и некомпетентность человечества идут рука об руку.{wc}Так что если ты действительно считаешь, что человечество 'не так уж и плохо', то почему в нашем мире так много проблем, которые невозможно исправить? Но в конечном счете мы просто испорченный вид",「人性並沒有像妳所說的這麼糟糕」？妳再想想看吧！妳身上漂亮的衣服以及各式各樣亮麗的裝飾品大概是用可憐的動物當材料，再經過血汗工廠的製造才到妳身上的。{wc}妳再看看那些酒駕交通事故的清單、又看看那些明明牌子上寫「禁止餵食」的標誌但偏要餵食動物的人們。{wc}我也討厭提到這些，但人性缺陷就是全球暖化的主因。{wc}所以妳真的認為「人性並沒有像妳所說的這麼糟糕」，那這世界就不是像我們現在所看到的醜陋。人類這種生物終究是生來犯錯的。,"« L’humanité n’est pas si mauvaise » ? Regarde toi une seconde, les vêtements que tu portes, probablement fabriqués dans un atelier clandestin, jusqu'à ce que d'innombrables pauvres petits animaux soient utilisés pour fabriquer tes cosmétiques.{wc}Regarde les accidents que tu vois dans la rue, les panneaux t’interdisant de nourrir les animaux ou de toucher une relique, alors que les gens le font quand même.{wc}Et je déteste aborder ce sujet, mais le réchauffement climatique et l'incompétence de l'humanité vont de pair. {wc}Donc, si tu crois vraiment que l'humanité « n'est pas si mauvaise », il n'y aurait pas tant de problèmes insolubles dans notre monde. Mais au fond, nous ne sommes qu'une espèce corrompue."
SAY.Final.174.Miss,,"That being said, you know you can’t escape, right? You’re a criminal. You helped cover up so many crimes--","Dito isso, você sabe que não pode escapar, certo? Você é uma criminosa. Você ajudou a encobrir muitos crimes...","Ти же знаєш, що не можеш утекти, чи не так? Ти злодійка. Ти допомогла приховати так багато злочинів--","С учетом всего этого, ты понимаешь, что не можешь убежать, правда? Ты преступница. Ты помогла скрыть так много преступлений...",這麼說的話，妳也逃不了吧？妳也跟我一樣是罪犯，畢竟妳是幫我復原犯案現場的最佳共犯呢！,"Cela dit, tu sais que tu ne peux pas t’échapper, n’est-ce pas ? Tu es une criminelle. Tu as aidé à dissimuler tant de crimes--"
SAY.Final.170.Ellie,,I didn’t know it was illegal! I thought-- I thought-- it was just... being a cute girl dressing in a maid costume?{wi} That it was ... cool?,Eu não sabia que estava fazendo coisas ilegais! Eu pensei– eu pensei– estar apenas... sendo uma garota fofa com um traje de faxineira.{wi} Achei que era ... legal?,"Я не знала про це! Я гадала, я-- я гадала-- це просто... робота в милому костюмі покоївки?{wi} Що це було... кльово?","Я не знала, что это незаконно! Я думала... думала, что это просто... быть милой девушкой в костюме горничной?{wi} Что это... круто?",我當時不知道這是非法的！我認為—我以為—這{wi}只是當個可愛的女僕而已啊！,Je ne savais pas que c’était illégal ! Je croyais-- Je croyais-- que c’était juste… être une fille mignonne qui portait une tenue de femme de ménage ?{wi} Que c’était … cool ?
SAY.Final.179.Miss,,"Haha, I’ll never get over how cute you are.{wc}Ellie, you signed a contract when you first joined. Did you ever read it? You get to stay with me forever!","Haha, nunca vou superar o quão fofa você é.{wc}Ellie, você assinou um contrato quando aceitou o trabalho. Você sequer o leu? Você terá que ficar comigo para sempre!","Ха-ха, я ніколи не забуду, якою милою ти є.{wc}Еллі, коли ти тільки прийшла на цю роботу, то підписала угоду. Ти її взагалі читала? Ти повинна лишитися зі мною назавжди!","Хах, я никогда не перестану восхищаться, какая ты милая.{wc}Элли, ты подписала контракт, когда только присоединилась. Ты его вообще читала? Ты будешь со мной навсегда!",哈哈，我總是受不了這麼可愛的妳。{wc}艾莉，還記得當初妳加入時簽名的員工契約嗎？妳真的有仔細閱讀嗎？上面說妳將跟我一起待到永遠！,"Haha, je ne me remettrais jamais d’à quel point tu es mignonne.{wc}Ellie, tu as signé un contrat quand tu nous as rejoint. L’as-tu même lu ? Tu dois rester avec moi pour toujours !"
SAY.Final.180.Ellie,,..I don’t want to. I can report you..!,...Eu não quero. Eu posso te denunciar..!,...Я не хочу. Я можу Вас здати!..,..Я не хочу этого. Я могу сообщить о тебе..!,我不想！我一定可以把妳送進警察局的！,.. Je ne veux pas. Je peux vous signaler..!
SAY.Final.181.Miss,,And how would you do that?{wc}I have way more I can hold over your head than you mine. Ever wonder what’s under my mask?,E como você faria isso?{wc}Eu tenho muito mais provas dos seus atos criminosos do que você tem dos meus. Alguma vez você se perguntou o que tem debaixo da minha máscara?,"І як ти це зробиш?{wc}Я маю проти тебе більше, ніж ти проти мене. Міркувала колись, що під моєю маскою?","А как ты собираешься это сделать?{wc}У меня есть гораздо больше, чем у тебя, что я могу использовать против тебя. Ты когда-нибудь задумывалась, что под моей маской?",有趣～妳要怎麼做呢？{wc}妳可是忘記誰有比較大的控制權歐。妳曾好奇過在我的面具下是怎麼樣的嗎？,Et comment ferais-tu ça ?{wc}J’ai bien plus de preuves sur tes actes que tu n’en as sur moi. Tu ne t’es jamais demandé ce qu’il y avait en dessous de mon masque ?
SAY.Final.182.Ellie,,"...It doesn’t matter. I know your height, your name--","...Isso não importa. Eu sei sua altura, seu nome...","...Це не має значення. Я знаю Ваш зріст, Ваше ім’я--","...Это не имеет значения. Я знаю твой рост, твоё имя--",......我不管了！我知道妳的名字、你的高度......,"… Ça n’a pas d’importance. Je connais votre taille, votre nom--"
SAY.Final.184.Miss,,"Sweetheart, I asked you to call me Miss for a reason. You don’t know my name.","Querida, eu te pedi para me chamar de Dona por um motivo. Você não sabe meu nome.","Люба, я же не дарма попросила називати мене Панною. Ти не знаєш мого імені.","Милая, я просила тебя называть меня мисс не просто так. Ты не знаешь моего имени.",親愛的，我讓妳叫我「小姐」也不是沒有原因的，妳也一定不知道我的真名。,"Mon coeur, je t’ai demandé de m’appeler Miss pour une raison. Tu ne connais pas mon nom."
SAY.Final.187.Ellie,,"...Your name isn't -- ?{wc}Ahh -- no, I don’t care.{wi}I don’t want to have anything to do with someone as messed up as you.","...Seu nome não é...?{wc}Ahh... não, eu não ligo. {wi}Eu não quero ter nenhuma relação com alguém tão perturbado quanto você.","...Вас звуть не-- ?{wc}А -- ні, мені байдуже. {wi}Я не хочу мати нічого спільного з такою потворною особою, як Ви.","..Твоё имя не -- ?{wc}Ах -- нет, мне всё равно.{wi}Не хочу иметь ничего общего с кем-то таким извращённым, как ты.",妳名字不是？{wc}啊—我不管！{wi}我真的不想要跟腐敗的妳扯上任何關係！,"... Votre nom n’est pas -- ?{wc}Ahh – non, je m’en fiche.{wi}Je ne veux rien avoir à faire avec quelqu’un d’aussi tordu que vous."
SAY.Final.186.Miss,,...Are you sure?,...Você tem certeza?,...Ти певна?,...Ты уверена?,......妳確定？,… Tu es sûre ?
SAY.Final.297.Ellie,,"Yeah. Yeah, I don’t care what ‘corruption’ you say is in this world, I’m going to be a better person. You’re not the person I know.","Sim. Sim, eu não ligo para a corrupção que você diz que existe no mundo, eu vou ser uma pessoa melhor. Você não está agindo como a Dona que eu conheço.","Так. Так, я не хочу нічого знати про «зіпсутість» цього світу, про яку Ви говорите, я буду кращою людиною. Ви не та людина, яку я знала.","Да. Да, мне всё равно, что ты говоришь о ‘коррупции’ в этом мире, я буду лучшим человеком. Ты не та, кого я знаю.",對啦！我不管妳剛剛說的世界很遭的屁話！我會踏出那扇門，並且改過自新當個好人的！妳不是我所認識的「小姐」！,"Ouais. Ouais, je m’en fous de quelle « corruption » vous dites qu’il y a dans ce monde, je vais être une meilleure personne. Vous n’êtes pas celle que je connais."
SAY.Final.296.Miss,,You don't see it?,Você não vê?,Ти не бачиш?,Ты не видишь этого?,妳還沒察覺到嗎？,Tu ne le vois pas ?
SAY.Final.185.Ellie,,See what?,Não vejo o quê?,Не бачу що?,Что именно?,察覺什麼？,Vois quoi ?
SAY.Final.188.Miss,,"The corruption right in front of you, from your politicians to your police force to your insulin prices?","A corrupção está bem na sua frente, desde os políticos até a força policial, até o preço da insulina.","Зіпсутість просто перед тобою, від політиків до поліції та цін на інсулін.","Коррупцию прямо перед тобой, от твоих политиков до полиции и цен на инсулин?",察覺正在妳眼前上演的各種貪腐啊！從政客到警察都無所不貪！,"La corruption juste en face de toi, de tes politiciens, à tes forces de l’ordre, à tes prix pour l’insuline ?"
SAY.Final.189.Ellie,,I don’t even take insulin! And those are all things we can fix!,Eu nem uso insulina! E essas são todas coisas que podemos consertar!,Я навіть не приймаю інсулін! І всі ці речі можна виправити!,Я даже не принимаю инсулин! И все эти вещи мы можем исправить!,這些都是我們有機會修復好的啊！,Je ne prends même pas d’insuline ! Et toutes ces choses sont des choses que nous pouvons régler !
SAY.Final.190.Miss,,"Do you want to leave, then? Go out that door and forever see the world with such a narrow mindset?","Você quer ir embora, então? Ir por aquela porta e continuar para sempre vendo o mundo com essa mentalidade tão limitada?",То ти хочеш втекти? Вийти за ці двері й усе життя дивитися на світ крізь призму такого вузького світогляду?,Ты хочешь уйти? Выйти через ту дверь и навсегда смотреть на мир с таким узким взглядом?,妳真心想離開？妳想要踏出那扇門並且永遠封閉在妳自己狹小的「世界」？,"Tu veux partir, alors ? Prendre la porte et voir pour toujours le monde avec un état d’esprit si limité ?"
SAY.Final.192.Miss,,"Haa.. I thought you’d understand. This is a necessary evil. But sure, fine, {wi}I wouldn’t ever push you to do anything you don’t want to do.{wc}Consider your contract terminated.","Haa.. eu achei que você entenderia. Esse é um mal necessário. Mas claro, tudo bem,{wi} eu jamais te obrigaria a fazer algo que você não queira.{wc}Considere o seu contrato encerrado.","Ха... Я думала, ти второпаєш. Це необхідне зло. Та звісно, гаразд, {wi}я б ніколи не змусила робити тебе щось проти власної волі.{wc}Вважай, що угоду розірвано.","Ха... Я думала, ты поймёшь. Это необходимое зло. Но ладно, хорошо, {wi}я бы никогда не заставила тебя делать что-то, что ты не хочешь делать.{wc}Считай, что твой контракт расторгнут",哈...... 我還以為妳會了解的。我現在所作的說不上正義，但至少是為了我們這個社會或甚至整個國家的福祉所必須付出的必要之惡。好吧，{wi}我絕對不會強迫妳做任何違背妳自己心願的事。{wc}我就發揮我的良心讓妳把我們之間的契約中止吧。,"Haa.. J’ai cru que tu comprendrais. C’est un mal nécessaire. Mais bon, très bien, {wi]je ne te pousserais jamais à faire quelque chose que tu ne veux pas faire.{wc]Considère notre contrat terminé."
SAY.Final.191.,,"{i}She walks by me like she’s going to open the door for me. {wi}I let go of a breath I didn’t know I was holding.{wc}And then in a flash of silver, I go into shock for the second time that night.","{i}Ela passa por mim como se fosse abrir a porta para eu ir embora.{wi} Eu deixo escapar um suspiro que eu não sabia que estava segurando.{wc}Então, num piscar de olhos, eu entro em choque pela segunda vez naquela noite.","{i}Вона проходить повз мене, неначе хоче відчинити двері. {wi}Нарешті я видихнула.{wc}А потім у сріблястому спалаху мене вдруге проймає шок.","{i}Она проходит мимо меня, как будто собирается открыть для меня дверь. {wi}Я выпускаю дыхание, о котором даже не знала, что сдерживаю.{wc}А потом, в мгновение ока, я снова испытываю шок второй раз за эту ночь.",{i}她漸漸走向我，好似要為我開門。{wi}我終於鬆了一口不知為什麼一直憋著的氣。{wc}不過正當我一放鬆，一道銀色的光輝又讓我再次倍受驚恐。,"{i}Elle marche vers moi comme si elle allait m’ouvrir la porte. {wi}Je lâche un souffle que je ne savais pas que je retenais.{wc]Et en un flash d’argent, je suis choquée pour la seconde fois de la nuit."
SAY.Final.199.,,"{i}My throat.{wc}I try to speak, to scream, but the signature smell and flow of blood choke up my mouth. {wi}It’s painful. It’s so painful. I’m drowning.{wc}Miss, it hurts, Miss -- but oh, I guess that’s not your real name, is it? {wi}How could you do this?{wi} What did I do? {wc}I can’t believe I ever trusted you. I thought we had something. But now I’ll die hating you.","{i}Minha garganta.{wc}Eu tento gritar, mas minha boca se enche de algo, e logo sobe o cheiro inconfundível de sangue. {wi}É doloroso. É doloroso demais. Estou me afogando. {wc}Dona, isso dói, Dona... mas ah, acho que esse não é seu nome, não é? {wi}Como você pôde? {wi}O que eu fiz?{wc}Eu não posso acreditar que confiei em você. Eu achei que tínhamos algo. Mas agora morrerei te odiando.","{i}Моє горло.{wc}Я намагаюся говорити, кричати, та виразний запах і потік крові здавлюють мій голос. {wi}Боляче. Дуже боляче. Я потопаю.{wc}Панно, мені боляче, Панно -- але гай-гай, гадаю, це не твоє справжнє ім’я? {wi}Як ти могла таке вчинити?{wi} Що я накоїла? {wc}Не можу повірити, що колись довірилась тобі. Я гадала, між нами щось є. Але тепер я помру з ненавистю до тебе.","{i}Моё горло.{wc}Я пытаюсь говорить, кричать, но характерный запах и поток крови перекрывают мою глотку. {wi}Больно. Так больно. Я тону.{wc}Мисс, мне больно, Мисс — но о, наверное, это не твоё настоящее имя, да? {wi}Как ты могла это сделать? {wi}Что я сделала? {wc}Не могу поверить, что когда-то доверяла тебе. Я думала, у нас было что-то. А теперь я умру, ненавидя тебя.",{i}我的喉嚨。{wc}我試著說話、尖叫、用我最後的力氣尋求幫助，但一次又一次我的喉嚨陷在極度的疼痛中，伴隨著一絲鮮血的味道。{wi}真他媽痛。幹他媽真痛。我要淹死了。{wc}小姐，我好痛啊，小姐—但我在猜這也不是妳的真名吧？{wi}為什麼妳要這麼做？{wi}我到底做錯了什麼？{wc}我真不敢相信我以前竟然會相信眼前這麼糟糕的妳。我以為我們將會永遠快樂地在一起。但我將咬著悔恨，一輩子厭惡妳。呵呵，我將下地獄，但我也很期待有天也再次在那裡看到妳啊～,"{i}Ma gorge.{wc}J'essaie de parler, de crier, mais l'odeur caractéristique et le flot de sang m’étouffent. {wi}C'est douloureux. C'est si douloureux. Je me noie.{wc}Miss, ça fait mal, Miss -- mais oh, je suppose que ce n'est pas votre vrai nom, n'est-ce pas ? {wi}Comment avez-vous pu faire ça ?{wi} Qu'ai-je fait ? {wc}Je n'arrive pas à croire que je vous ai fait confiance. Je pensais que nous avions quelque chose. Mais maintenant, je vais mourir en vous haïssant."
SAY.Final.202.,,"{i}...And you say something but I don’t register it.{wc}Whatever you say can’t do anything. Sorry can’t fix this, even an “I love you” can’t.{wc}It hurts, it hurts, it HURTS. {s=60}This pain this fear this loss this blood this agony these tears --","{i}...E você diz algo mas não consigo entender.{wc}O que quer que você fale não mudará nada. Desculpas não podem consertar isso, nem um ""eu te amo"" pode. Dói, dói, DÓI. {s=60}Essa dor, esse medo, essa perda, esse sangue, esse sofrimento, essas lágrimas...","{i}...І ти щось кажеш, та я цього не сприймаю.{wc}Що б ти не казала, я нічого не вдію. Вибач, та це не виправити, навіть «я люблю тебе» не зарадить.{wc}Боляче, боляче, БОЛЯЧЕ. {s=60}Цей біль цей страх ця втрата ця кров ця агонія ці сльози --","{i}...И ты что-то говоришь, но я не регистрирую это.{wc}Что бы ты ни сказала, это ничего не изменит. Извинения не исправят этого, даже ""Я тебя люблю"" не поможет.{wc}Больно, больно, БОЛЬНО. {s=60}Эта боль, этот страх, эта утрата, эта кровь, эта агония, эти слёзы —",{I}......妳所說的任何話我都不會買單的。{wc}妳以為我會這麼簡單地就能讓我原諒妳嗎？即使「我愛你」都不值得相信，因為妳的任何一句話都跟那份無聊的「員工契約」一樣，一點信用都沒有。{wc}好痛，好痛，幹真的好痛啊！{s=60}這些痛楚、眼淚、與血—,"{i}...Et vous dites quelque chose, mais je ne l’entends pas.{wc}Quoi que vous disiez, ça ne peut rien faire. Les excuses ne peuvent rien arranger, même un « Je t'aime »..{wc}Ça fait mal, ça fait mal, ça fait MAL. {s=60}Cette douleur, cette peur, cette perte, ce sang, cette agonie, ces larmes --"
SAY.Final.203.,,"{i}{s=60}I can’t breathe, I can’t think, my mind, my nerves, I hope I die soon, I hope it ends soon.{/s}{wc}Is this what you did to that poor guy on the floor? What do you mean then, ‘necessary evil’? {wc}No one should go through this. {wi}Except you.","{i}{s=60}Eu não consigo respirar e nem pensar... minha mente, meus nervos, espero que eu morra logo, espero que acabe logo.{/s}{wc}Foi isso que você fez com esse pobre homem jogado no chão? O que você quer dizer com ""mal necessário”?{wc}Ninguém deveria ter que passar por isso. {wi}A não ser você.","{i}{s=60}Я не можу дихати, я не можу думати, моя свідомість, мої нерви, сподіваюсь, я скоро помру, маю надію, це все скоро скінчиться.{/s}{wc}Ось, що ти зробила з тим бідним хлопцем на підлозі? Що ти тоді маєш на увазі під «необхідним злом»? {wc}Ніхто не має через це проходити. {wi}Крім тебе.","{i}{s=60}Я не могу дышать, не могу думать, мой разум, мои нервы, надеюсь, что скоро умру, надеюсь, что всё скоро закончится.{/s}{wc}Это то, что ты сделала с тем бедным парнем на полу? Что ты имела в виду, говоря ""необходимое зло""? {wc}Никто не должен пережить это. {wi}Кроме тебя.",{i}{s=60}我無法呼吸、無法思考。我的心和神經都逐漸麻痺。可不可以讓我痛快的死去，趕快把這一切世界上的所有痛苦終結？{/s}{wc}這是妳對那躺在地上的傢伙的「處理」方式嗎？既然我沒有跟那傢伙一樣為非作歹，妳殺了我真的是「必要之惡」嗎？{wc}沒有人值得被這樣子虐待。{wi}那當然除了妳以外。,"{i}{s=60}Je ne peux pas respirer, je ne peux pas penser, mon esprit, mes nerfs, j'espère mourir bientôt, j'espère que ça se finira bientôt.{/s}{wc}C'est ça que vous avez fait à ce pauvre type par terre ? Qu'entendez-vous alors par « mal nécessaire » ? {wc}Personne ne devrait vivre ça. {wi}Sauf vous."
SAY.Final.204.,,"{i}Broken, you’re broken, and now I am too, and{s=60} I’m on the floor bleeding out and drowning and it hurts so much and I wish it would stop and I hate you yet in my final moments all I think of is an illusion of you.","{i}Perdida, você está perdida, e agora eu também estou, e {s=60}estou no chão sangrando, me afogando. Dói tanto e eu só queria que parasse. Eu te odeio, mas agora, nos meus últimos momentos, só consigo pensar na pessoa que você fingiu ser.","{i}Зламана, ти зламана, і тепер я теж, і{s=60} я на підлозі в крові, потопаю, дуже боляче, хоч би це скінчилось, і я ненавиджу тебе, та все ж в останні миті життя все, про що я думаю, -- це про тебе несправжню.","{i}Сломана, ты сломана, а теперь и я тоже, и{s=60} я на полу, истекаю кровью, тону, и так больно, и я хочу, чтобы это прекратилось, и я ненавижу тебя, но в мои последние мгновения я думаю только об иллюзии тебя.",{i}哈哈，把我這純潔的心拖下水，{s=60}這是妳想要的？永遠跟妳骯髒的心同在一起？我真的真的非常討厭妳，是妳讓我躺在地上流著鮮血痛苦死去的，但我心裡所想的除了妳以外沒有別人。,"{i}Brisée, vous êtes brisée, et maintenant je le suis aussi, et{s=60} je suis sur le sol en train de saigner et de me noyer et ça fait tellement mal et j'aimerais que ça s'arrête et je vous déteste pourtant dans mes derniers instants tout ce à quoi je pense est une illusion de vous."
SAY.Final.307.Miss,,"...{wc}...2 minutes and 13 seconds.{wc}I’m so sorry, my dear, I tried to aim for the back.{wc}A life exchanged for another, an innocent soul I tainted traded for one of a vile being. An eye for an eye -- or, I guess a life -- and now my heart for a neck.{wc}What will happen next time? Can I keep going like this? For people who don’t even give me a second glance unless I’m giving them all I have?","...{wc}...2 minutos e 13 segundos.{wc}Me desculpe, amada, eu tentei fazer com que fosse rápido.{wc}Uma vida em troca de outra, uma alma inocente que manchei pela alma de um ser cruel. Olho por olho... ou melhor, vida por vida... e, agora, meu coração por um pescoço.{wc}O que acontecerá na próxima vez? Será que consigo continuar assim? Por pessoas que nem me olham duas vezes a não ser que eu dê a elas tudo o que tenho?","...{wc}...2 хвилини й 13 секунд.{wc}Вибач, люба, я намагалася поцілити в спину.{wc}Життя в обмін на життя, невинне життя, яке я спаплюжила, обміняно на душу мерзенного створіння. Око за око -- чи то пак життя за життя -- і тепер моє серце за шию.{wc}Що станеться наступного разу? Чи можу я так продовжувати? Заради людей, які на мене й не подивляться, поки не віддам їм усе, що маю?","...{wc}...2 минуты и 13 секунд.{wc}Прости меня, моя дорогая, я пыталась прицелиться в спину.{wc}Одна жизнь обменяна на другую, невинная душа, которую я осквернила, обменяна на душу подлой сущности. Око за око — или, наверное, жизнь за жизнь — и теперь моё сердце за шею.{wc}Что будет в следующий раз? Смогу ли я продолжать так? Для людей, которые даже не обратят на меня внимания, если я не отдам им всё, что у меня есть?",...{wc}...兩分十三秒。{wc}這實在花的有點久啊，讓我來不急清理「現場」了。不過，我實在非常的抱歉啊，我的寶貝。剛剛我的刀沒有瞄準到要害讓妳如此痛苦的死去。{wc}不過這也是在這殘酷世界必然發生的結果啊。一命換一命，一個純潔的心靈換取一個邪惡的純在。以眼還眼—或說是以命還命好了—現在又是以我的心換取一顆頭顱。{wc}之後會有什麼「等價交換」呢？我真的可以繼續持續亞去嗎？尤其對於那些不給他們自己的所有就不回頭的人們？,"...{wc}...2 minutes et 13 secondes.{wc}Je suis vraiment désolé, ma chère, j'ai essayé de viser l'arrière.{wc}Une vie échangée contre une autre, une âme innocente que j'ai souillée échangée contre celle d'un être vil. Œil pour œil – ou, je suppose, une vie – et maintenant mon cœur contre un cou.{wc}Que se passera-t-il la prochaine fois ? Pourrai-je continuer comme ça ? Pour des gens qui ne me donne même pas une seconde chance à moins que je ne leur donne tout ce que j'ai ?"
SAY.Final.213.Miss,,"...But it’s worth it in the end. {wi}It has to be. I can’t stop now, it can’t all have been for nothing.{wc}This never-ending game of thoughts and words and morals, the screams of corruption and the grayness of fixing it, someone needs to be the Robin Hood in this life even if it breaks me.","...Mas vale a pena no fim. Tem que valer. Não posso parar agora, não pode ter sido tudo em vão.{wc}Esse jogo interminável de pensamentos, palavras e moral, os gritos da corrupção e a insipidez de consertar tudo, alguém precisa ser o Robin Hood nesse mundo, mesmo que isso acabe comigo.","...Але воно того варте. {wi}Це мало статися. Тепер я не можу спинитися, інакше все було б марно.{wc}Ця нескінченна гра думок, слів та моралі, кричуща зіпсованість та сірість виправлення, хтось мусить узяти на себе роль Робін Гуда життя, навіть якщо це мене вбива.","..Но в конце концов это стоит того. {wi}Должно стоить. Я не могу остановиться, не может всё это быть напрасным.{wc}Эта бесконечная игра мыслей, слов и морали, крики о коррупции и серость её исправления, кто-то должен стать Робином Гудом в этой жизни, даже если это сломает меня.",至少最後是值得的。{wi}這是必然的。我現在不能就此停止，我在剛剛的「等價交換」當中也一定有得到什麼。{wc}在這永不停止產生邪惡的社會當中，我必須不惜所有地扮演這社會的現代羅賓漢！,"...Mais ça en vaut la peine au final. {wi}Il le faut. Je ne peux pas m'arrêter maintenant, tout ça n'a pas pu être pour rien.{wc}Ce jeu interminable de pensées, de mots et de morale, les cris de corruption et la grisaille de la réparation, quelqu'un doit être le Robin des Bois dans cette vie, même si ça me brise."
SAY.Final.214.Miss,,"I was so jealous of you, Ellie, of being able to live in an illusion of a fixable world.{wc}Let me live like that too.{wc}She took my eye and you took my heart, so let me take that illusion from you.{wc}Let me breathe air that no longer suffocates me, let me believe these sacrifices are not in vain.","Eu tinha muita inveja de você, Ellie, por conseguir viver com a ilusão de um mundo corrigível.{wc}Me deixe viver assim também.{wc}Ela levou meu olho e você meu coração, então deixe-me levar essa sua ilusão.{wc}Deixe-me respirar um ar que não me sufoque mais, deixe-me acreditar que esses sacrifícios não são em vão.","Я заздрила тобі, Еллі, бо ти жила у світі ілюзій виправності цього світу.{wc}Дозволь мені теж так пожити.{wc}Вона забрала моє око, а ти -- моє серце, тож я заберу твою оману.{wc}Дай мені дихати на повні груди з надією, що все це не даремно.","Я так завидовала тебе, Элли, тому, что ты могла жить в иллюзии исправимого мира.{wc}Позволь мне тоже жить так.{wc}Она забрала моё глаз, а ты забрала моё сердце, так позволь мне забрать эту иллюзию у тебя.{wc}Позволь мне дышать воздухом, который больше не душит меня, позволь мне верить, что эти жертвы не напрасны.",我真的很忌妒妳現在還可以生活在完美的幻覺當中啊，艾莉。特別是那種能夠相信一切是能夠修復好的世界。{wc}讓我也活著跟妳一樣的生活嗎。{wc}她破壞了我曾經對於這世界的幻覺，妳又奪取了我的心，所以也讓我破壞你在這世界中的幻覺吧。{wc}讓我呼吸在不會讓我窒息的空氣中，讓我相信這些犧牲不是毫無用ㄔㄨ的空氣中，讓我相信這些犧牲不是毫無用處的吧。,"J'étais tellement jalouse de toi, Ellie, de pouvoir vivre dans l'illusion d'un monde réparable.{wc} Laisse-moi vivre comme ça aussi.{wc} Elle a pris mon œil et tu as pris mon cœur, alors laisse-moi te prendre cette illusion.{wc} Laisse-moi respirer un air qui ne m'étouffe plus, laisse-moi croire que ces sacrifices ne sont pas vains."
SAY.Final.215.Miss,,{s=15}...{/s},{s=15}...{/s},{s=15}...{/s},{s=15}...{/s},{s=15}......{/s},{s=15}...{/s}
SAY.Final.216.Miss,,"I can only keep going on. Perhaps it’s time to find someone new, just one last time. {wi}I will miss you dearly, Ellie.","Tudo o que posso fazer é seguir em frente. Talvez esteja na hora de encontrar uma nova ajudante, uma última vez. {wi}Sentirei muita saudade de você, Ellie.","Я можу лише йти далі. Можливо, настав час знайти когось ще, принаймні востаннє. {wi}Я сумуватиму за тобою, Еллі.","Я могу только продолжать идти. Возможно, пришло время найти кого-то нового, в последний раз. {wi}Я буду очень по тебе скучать, Элли.",看起來我只能放下眼前的這些了。是時候再應徵新人了，再最後一次。{wi}妳會在我永遠留在我心中的，親愛的艾莉。,"Je ne peux que continuer. Il est peut-être temps de trouver quelqu'un d'autre, juste une dernière fois. Tu vas terriblement me manquer, Ellie."
SAY.Final.222.Ellie,,...Let’s partner up.,...Vamos ser parceiras.,...Об’єднаймо зусилля.,..Давай работать вместе.,我們一起合作吧！,Soyons partenaires.
SAY.Final.223.Miss,,"Oh!{wc}You mean like, going to buying replacement TVs together or something? No worries, I didn’t break any TVs this time.","Ah!{wc}Você quer dizer irmos comprar televisões substitutas juntas ou algo assim? Não se preocupe, eu não quebrei nenhuma televisão dessa vez.","Ой!{wc}Ти маєш на увазі разом піти по новий телевізор чи щось таке? Не хвилюйся, на цей раз я не пошкодила жодний.","О!{wc}Ты имеешь в виду, что вместе пойдем покупать новые телевизоры или что-то вроде того? Не переживай, я в этот раз не разбила телевизоры.",歐！{wc}妳是說一起買新的電視嗎？不用擔心，我這次沒有搞壞任何電視的。,"Oh ! Tu veux dire, acheter des télévsions de remplacement ensemble, ou quelque chose comme ça ? Pas de souci, je n'ai cassé aucune télévision cette fois."
SAY.Final.224.Ellie,,"No, no, like... like killing...","Não, não, tipo... tipo matar...","Ні-ні, я про... вбивства...","Нет-нет, я имею в виду... убийства...",不，不，我是指殺人......,"Non, non, comme.. comme tuer…"
SAY.Final.225.Miss,,...Do you want to help with that?,...Você quer ajudar com isso?,...Ти хочеш допомогти мені з цим?,..Ты хочешь помочь с этим?,......妳要跟我一起合作嗎？,… Tu veux aider avec ça ?
SAY.Final.226.Ellie,,...,...,...,...,......,…
SAY.Final.233.Ellie,,"Yeah. You’re right, someone needs to help fix this world, however messed up that definition of ‘fix’ might be.","Sim. Você está certa, alguém precisa ajudar a consertar esse mundo, independente do quão perturbadora seja a definição de ""consertar"".","Так. Ви праві, хтось має допомогти виправити цей світ, яким би розпливчастим слово «виправити» не було.","Да. Ты права, кто-то должен помочь исправить этот мир, каким бы извращённым ни было это определение 'исправить'.",好吧。看來妳是對的，必須要有某人修復這世界，即使「修復」只是一種騙局。,"Ouais. Vous avez raison, quelqu’un doit aider à réparer ce monde, peu importe à quel point la définition de « réparer » peut être tordue."
SAY.Final.228.,,{i}Miss's expression softens.,{i}A expressão de Dona fica mais suave.,{i}Вираз обличчя Панни пом’якшився.,{i}Мисс смягчает своё выражение лица,{i}小姐的表情逐漸放鬆......,{i}L’expression de Miss s’adoucit.
SAY.Final.229.Miss,,"..Really? That’s the first time...{wc}You understand then, right? The demise when one is sentenced for the murder of a murderer, the dread when the rape of a child equals a month of community service simply because of the type of lawyer money can bring.","..Sério? Essa é a primeira vez...{wc}Então você entende, certo? A injustiça de ser condenado pelo assassinato de um assassino, o pavor de quando o estupro de uma criança é perdoado após um mês de serviço comunitário apenas pelo tipo de advogado que alguém rico pode contratar.","...Дійсно? Це вперше так...{wc}Тоді ти розумієш, так? Божевілля, коли на смерть ведуть убивцю вбивці, жах, коли зґвалтування дитини прирівнюють до місяця виправних робіт просто тому, що ґвалтівник мав удосталь грошей на гарного адвоката.","Правда? Впервые... {wc} Ты понимаешь, да? Это чувство, когда приговаривают за убийство убийцы. Этот страх, когда за изнасилование ребёнка дают всего месяц общественных работ — просто потому, что у кого-то хватило денег на хорошего адвоката.",真的嗎？這是第一次......{wc}看來妳也了解吧？當一個人因謀殺而背叛行時的痛苦；一位兒少強姦犯背叛行時的恐懼，僅是因為律師費的不同。,".. Vraiment ? C'est la première fois... {wc}Tu comprends alors, n'est-ce pas ? La mort quand nous sommes condamnés pour le meurtre d'un meurtrier, la terreur quand le viol d'un enfant équivaut à un mois de travaux d'intérêt général, simplement à cause du type d'avocat que l'argent peut apporter."
SAY.Final.230.Miss,,"But I’ve been corrupted by all this death and all these feelings.{wc}When I first took you on, I wondered if I should let you stay innocent forever. But my jealousy got the better of me, with purposely not cleaning up traces of blood and doing things in plain sight of you.{wc}So I’m sorry about that, Ellie. But I’m even more sorry for the things you’ll end up witnessing, your inevitable complete loss of innocence.","Mas eu fui corrompida por toda essa morte e esses sentimentos.{wc}Quando te contratei, me perguntei se deveria te deixar ser inocente para sempre. Mas meu ciúme falou mais alto, e acabei propositalmente não limpando traços de sangue e fazendo coisas na sua frente.{wc}Então me desculpe por isso, Ellie. Mas eu te peço ainda mais desculpas pelas coisas que você acabará testemunhando, sua inevitável perda total da inocência.","Але мене зіпсували смерть та почуття.{wc}Коли я обрала тебе вперше, то вагалася, чи зберегти твою невинність. Але заздрість узяла гору, і я навмисно не прибирала сліди крові й робила все в тебе на очах.{wc}Тому вибач мені, Еллі. Але ще більш мені шкода, що ти побачиш речі, які вже неминуче заберуть твою невинність.","Но всё это — смерть, чувства — уже испортили меня.{wc} Когда я впервые взяла тебя с собой, я думал, стоит ли позволить тебе остаться невинной навсегда. Но ревность взяла верх: я нарочно не убирала следы крови, делал всё у тебя на глазах.{wc} Так что прости меня за это, Элли. Но ещё больше — за то, что тебе придётся увидеть. За неизбежную, полную потерю твоей невинности.",但是我也已經被人們的死亡以及所有的這些心得所污染了。{wc}當我帶著妳一起「工作」時，我自己也好奇妳是否能夠永遠維持這種純潔。但我的忌妒控制了我該有的行為，例如故意的讓妳看到了妳不該看到的血跡，以及在妳面前殺了人。{wc}為此我感到十分抱歉，尤其是在污染妳的心靈這塊啊，艾莉。,"Mais j'ai été corrompue par toute cette mort et tous ces sentiments.{wc} Quand je t'ai prise en charge, je me suis demandé si je devais te laisser innocente à jamais. Mais ma jalousie a pris le dessus, me poussant à ne pas nettoyer exprès les traces de sang et à agir à ta vue.{wc} Je suis désolée pour ça, Ellie. Mais je suis encore plus désolée pour les choses dont tu seras témoin, ton inévitable perte totale d'innocence."
SAY.Final.234.Ellie,,"...{wc}...It’s okay, I want to help.{wi} I want to stay with you.","...{wc}...Tá tudo bem, eu quero ajudar. {wi}Eu quero ficar com você.","...{wc}...Усе гаразд, я хочу Вам допомогти.{wi} Я хочу бути з вами.","...{wc}... Всё в порядке, я хочу помочь.{wi} Я хочу остаться с тобой.",...{wc}...好吧，我也想幫忙。{wi}我想要繼續跟妳在一起。,"...{wc}...Tout va bien, je veux aider.{wi} Je veux rester avec toi."
SAY.Final.235.Miss,,"Well then, if that’s the case, let us end as many corrupted souls as we can. We’ll become the Robin Hoods of this world together, yeah?","Bom, se esse é o caso, vamos eliminar o máximo de almas corrompidas que conseguirmos. Nós nos tornaremos os Robin Hoods desse mundo juntas, certo?","Що ж, у такому разі прикінчімо якнайбільше зіпсованих душ. Ми разом станем Робін Гудами цього світу, авжеж?","Что ж, раз так, давай избавим этот мир от как можно большего числа прогнивших душ. Мы станем Робин Гудами этого мира, да?",那我們就開始盡我們可能地終結那些不潔的靈魂吧！我們一起來成為這是界上的羅賓漢吧！,"Et bien, si c’est le cas, supprimons autant d’âmes corrompues que nous le pouvons. Nous deviendrons les Robins des Bois de ce monde ensemble, hein ?"
SAY.Final.236.Ellie,,Okay...!,Certo..!,Добре!..,Хорошо...!,好吧！,D’accord…!
SAY.Final.240.Ellie,,Do I even have a choice?,E por acaso tenho escolha?,Чи в мене взагалі є вибір?,А у меня есть выбор?,我難道還有選擇嗎？,Est-ce que j’ai même le choix ?
SAY.Final.241.Miss,,"What do you mean? Of course you do!{wc}I wouldn’t ever push you to do anything you don’t want to do. Not even in a different timeline, had you said something else.","O que você quer dizer? Claro que tem!{wc}Eu jamais te obrigaria a fazer algo que você não queira. Nem em outra linha do tempo, caso você tivesse dito algo diferente.","Що ти маєш на увазі? Звісно, він у тебе є!{wc}Я б ніколи не змусила робити тебе щось проти власної волі. Навіть в іншій часовій лінії, якби ти сказала щось інше.","Что ты такое говоришь? Конечно, у тебя есть выбор!{wc} Я бы никогда не заставила тебя делать то, чего ты не хочешь. Даже в другой временной линии, даже если бы ты сказала что-то другое.",妳當然有啊！{wc}我從來都不會強行要求妳做任何事的！,"Que veux-tu dire. Bien sûr que tu l’as{wc}Je ne te pousserais jamais à faire quelque chose que tu ne veux pas faire. Même pas dans un univers différent, si tu avais dit quelque chose d’autre."
SAY.Final.242.Ellie,,"..No, sorry -- I mean, it’s okay, I’ll do it. I’ll help you clean.","..Não, me desculpe... quero dizer, está tudo bem. Eu farei. Eu te ajudarei a limpar.","...Ні, вибачте -- цебто, гаразд, я зроблю це. Я допоможу вам прибрати.","..Нет, прости — я имела в виду, что всё в порядке, я сделаю это. Помогу тебе прибраться.",不，抱歉—我還是來幫忙清理吧。,".. Non, désolé – je veux dire, tout va bien, je le ferai. Je vous aiderai à nettoyer."
SAY.Final.243.Miss,,"That’s my Ellie!{wc}See, even in a world of corrupted social hierarchies and people and governments, I can always depend on you.{wc}Come on, you’re cleaning up this manor today.","Essa é a minha Ellie!{wc}Veja, mesmo em um mundo de hierarquias sociais corrompidas, além de governos e pessoas, eu sempre posso contar com você.{wc}Venha, você vai limpar essa mansão hoje.","Це моя Еллі!{wc}Бачиш, навіть у світі спотворених соціальних ієрархій, людей та урядів я завжди можу покластися на тебе.{wc}Ходімо, сьогодні ти прибиратимеш у цьому маєтку.","Вот моя Элли!{wc} Видишь, даже в мире, полном испорченных социальных структур, людей и правительств, я всегда могу на тебя положиться.{wc} Пойди, сегодня ты убираешь в этом особняке",這才是我認識的艾莉嗎～{wc}妳看，即使在這充滿迂腐的官員以及貪官的社會我還是可以信任妳的。{wc}那妳就來開始清理蜘蛛莊園吧！,"C’est ma Ellie.{wc}Tu vois, même dans un monde de hiérarchies sociales, de gens, et de gouvernements corrompus, je peux toujours compter sur toi.{wc}Allez, tu nettoies ce manoir aujourd’hui."
SAY.Final.245.Miss,,Let’s make today a good one!,Vamos fazer um bom trabalho!,Зробімо це!,Сделаем этот день достойным!,那我們就開始吧！,Faisons de ce jour un bon jour !
CHARACTER.Ellie,,Ellie,Ellie,Еллі,Элли,艾莉,Ellie
CHARACTER.Miss,,Miss,Dona,Панна,Мисс,小姐,Miss